<svg
   width="864"
   height = "1152"
   version="1.1"
   id="svg2"
   xmlns="http://www.w3.org/2000/svg"
   xmlns:svg="http://www.w3.org/2000/svg">
  <defs
     id="defs6" />

<path  style="fill:none;stroke:#000000;stroke-width:2;stroke-opacity:1"
       d="M 146,596 146,597 146,598 146,599 146,600 146,600 145,601 145,602 145,603 145,604 145,605 145,606 145,606 144,607 144,608 144,609 144,610 144,611 144,611 143,612 143,613 143,614 143,615 143,616 143,617 143,617 142,618 142,619 142,620 142,621 142,622 142,622 141,623 141,624 141,625 141,626 141,627 141,627 140,628 140,629 140,630 140,631 140,632 140,632 139,633 139,634 139,635 139,636 139,637 139,638 139,638 138,639 138,640 138,641 138,642 138,643 138,643 137,644 137,645 137,646 137,647 137,648 137,649 137,650 137,650 136,651 136,652 136,653 136,654 136,655 136,656 136,656 135,657 135,658 135,659 135,660 135,661 135,662 135,663 135,664 135,665 135,666 135,666 134,667 134,668 134,669 134,670 134,671 134,672 134,673 134,674 134,675 134,676 134,676 133,677 133,678 133,679 133,680 133,681 133,682 133,683 133,684 133,685 133,686 133,687 133,688 133,689 133,690 133,691 133,692 133,693 133,694 133,695 133,696 133,697 133,698 133,699 133,700 133,701 133,702 133,703 133,704 133,705 133,706 133,707 133,708 133,709 133,710 133,711 133,712 133,713 133,714 133,715 133,716 133,717 133,718 133,719 134,720 134,721 134,722 134,723 134,724 134,725 134,726 134,727 134,728 134,729 135,730 135,731 135,732 135,733 135,734 135,735 135,736 136,737 136,738 136,739 136,740 136,741 136,742 136,743 137,744 137,745 137,746 137,748 138,750 138,752 138,753 139,755 139,757 139,758 140,760 140,762 141,764 141,766 142,768 142,770 143,772 143,774 144,776 144,778 145,780 145,781 146,783 146,784 147,786 147,787 148,789 148,790 149,792 149,793 150,795 151,797 151,799 152,801 153,803 153,805 154,807 155,809 155,811 156,813 157,815 158,817 158,819 159,821 160,823 161,825 162,827 163,829 163,831 164,833 165,835 166,837 167,839 167,841 168,843 169,845 170,847 171,849 172,851 173,853 174,855 175,857 176,859 177,861 178,863 180,866 181,868 183,871 185,874 187,877 189,880 191,882 192,884 194,886 195,888 197,890 199,892 201,894 203,896 204,898 206,900 208,902 210,904 212,906 214,908 216,910 218,912 220,914 222,915 224,917 226,919 227,920 230,922 232,924 233,925 236,927 237,928 240,930 243,932 244,933 247,935 248,936 251,938 254,940 257,942 260,944 263,946 266,948 268,949 270,950 273,952 275,953 277,954 279,955 281,956 284,958 286,959 288,960 290,961 292,962 294,963 296,964 298,965 300,966 302,967 304,968 306,969 308,970 311,971 313,972 315,973 318,974 320,975 322,976 325,977 328,978 331,979 334,980 337,981 340,982 344,983 347,984 351,985 353,985 356,986 360,987 362,987 366,988 368,988 372,989 374,989 376,989 380,990 382,990 384,990 386,990 "
      id = "0" />
<path  style="fill:none;stroke:#000000;stroke-width:2;stroke-opacity:1"
       d="M 391,991 393,991 395,991 397,991 400,991 403,991 406,991 409,991 412,991 415,991 418,991 421,991 424,991 427,991 430,991 433,991 436,991 438,991 441,990 444,990 447,990 448,990 451,989 454,989 457,989 460,988 463,988 465,988 468,987 471,987 472,987 475,986 478,986 481,985 483,985 486,984 488,984 491,983 492,983 495,982 496,982 500,981 501,981 505,980 509,979 512,978 515,977 518,976 521,975 524,974 527,973 529,972 532,971 534,970 537,969 539,968 541,967 543,966 545,965 547,964 549,963 551,962 553,961 555,960 557,959 559,958 560,957 562,956 564,955 565,954 567,953 568,952 570,951 571,950 573,949 574,948 574,948 575,947 577,946 578,945 578,945 579,944 581,943 582,942 582,942 583,941 583,941 584,940 584,940 585,939 587,938 588,937 589,936 590,935 591,934 592,933 593,932 594,931 595,930 596,929 597,928 598,927 599,926 600,925 601,924 602,923 603,922 604,921 605,920 606,919 605,920 604,921 603,922 602,923 601,924 600,925 599,926 598,927 597,928 596,929 595,930 594,931 593,932 592,933 591,934 590,935 589,936 588,937 586,938 586,938 585,939 "
      id = "1" />
<path  style="fill:none;stroke:#000000;stroke-width:2;stroke-opacity:1"
       d="M 580,943 580,943 579,944 576,946 576,946 575,947 572,949 572,949 571,950 569,951 569,951 568,952 566,953 566,953 565,954 563,955 563,955 561,956 561,956 560,957 558,958 558,958 556,959 556,959 554,960 554,960 552,961 552,961 550,962 550,962 548,963 548,963 546,964 546,964 544,965 544,965 542,966 542,966 540,967 540,967 538,968 538,968 536,969 535,969 535,969 533,970 533,970 531,971 530,971 530,971 528,972 528,972 526,973 525,973 525,973 523,974 522,974 522,974 520,975 519,975 519,975 517,976 516,976 516,976 514,977 513,977 513,977 511,978 510,978 510,978 508,979 507,979 506,979 506,979 504,980 503,980 502,980 502,980 499,981 498,981 497,981 497,981 494,982 493,982 493,982 490,983 489,983 489,983 487,984 485,984 484,984 484,984 482,985 480,985 479,985 479,985 477,986 476,986 474,986 473,986 473,986 470,987 469,987 467,987 466,987 466,987 464,988 462,988 461,988 459,988 458,988 458,988 456,989 455,989 453,989 452,989 450,989 449,989 449,989 446,990 445,990 443,990 442,990 440,990 439,990 439,990 437,991 435,991 434,991 432,991 431,991 429,991 428,991 426,991 425,991 423,991 422,991 420,991 419,991 417,991 416,991 414,991 413,991 411,991 410,991 408,991 407,991 405,991 404,991 402,991 401,991 399,991 398,991 396,991 394,991 392,991 390,990 390,990 389,990 388,990 387,990 385,990 383,990 381,990 379,989 379,989 378,989 377,989 375,989 373,989 371,988 371,988 370,988 369,988 367,988 365,987 365,987 364,987 363,987 361,987 359,986 359,986 358,986 357,986 355,985 355,985 354,985 352,985 350,984 350,984 349,984 348,984 346,983 346,983 345,983 343,982 343,982 342,982 341,982 339,981 339,981 338,981 336,980 336,980 335,980 333,979 333,979 332,979 330,978 330,978 329,978 327,977 327,977 326,977 324,976 324,976 323,976 321,975 321,975 319,974 319,974 317,973 317,973 316,973 314,972 314,972 312,971 312,971 310,970 310,970 309,970 307,969 307,969 305,968 305,968 303,967 303,967 301,966 301,966 299,965 299,965 297,964 297,964 295,963 295,963 293,962 293,962 291,961 291,961 289,960 289,960 287,959 287,959 285,958 285,958 283,957 283,957 282,956 282,956 280,955 280,955 278,954 278,954 276,953 276,953 274,952 274,952 272,951 272,951 271,950 271,950 269,949 269,949 267,948 267,948 265,947 265,947 264,946 264,946 262,945 262,945 261,944 261,944 259,943 259,943 258,942 258,942 256,941 256,941 255,941 254,940 253,939 253,939 252,938 252,938 250,937 250,937 249,936 249,936 247,935 246,934 246,934 245,933 245,933 243,932 242,931 242,931 241,930 241,930 239,929 239,929 238,928 238,928 236,927 235,926 235,926 234,925 234,925 232,924 231,923 231,923 230,922 229,921 229,921 228,920 228,920 226,919 225,918 225,918 224,917 223,916 223,916 222,915 221,914 221,914 219,913 219,913 218,912 217,911 217,911 216,910 215,909 215,909 214,908 213,907 213,907 212,906 211,905 211,905 210,904 209,903 209,903 208,902 207,901 207,901 206,900 205,899 205,899 204,897 204,897 203,896 202,895 202,895 201,894 200,893 200,893 199,892 198,891 198,891 197,890 196,889 196,889 195,887 195,887 194,886 193,885 193,885 192,883 192,883 191,882 190,881 190,881 189,879 189,879 188,878 188,878 187,876 187,876 186,875 186,875 185,873 185,873 184,872 184,872 183,870 183,870 182,869 182,869 181,867 181,867 180,865 180,865 179,864 179,864 178,862 178,862 177,860 177,860 176,858 176,858 175,856 175,856 174,854 174,854 173,852 173,852 172,850 172,850 171,848 171,848 170,846 170,846 169,844 169,844 168,842 168,842 167,840 167,839 166,838 166,837 165,836 165,834 165,834 164,832 164,832 163,830 163,829 162,828 162,827 161,826 161,825 160,824 160,822 160,822 159,820 159,820 158,818 158,817 157,816 157,814 157,814 156,812 156,812 155,810 155,809 154,808 154,806 154,806 153,804 153,803 152,802 152,800 152,800 151,798 151,797 150,796 150,794 150,794 149,791 149,791 148,788 148,788 147,785 147,785 146,782 146,782 145,779 145,779 144,777 144,775 144,775 143,773 143,771 143,771 142,769 142,767 142,767 141,765 141,763 141,763 140,761 140,759 140,759 139,756 139,754 139,754 138,751 138,749 138,749 137,747 137,744 "
      id = "2" />
<path  style="fill:none;stroke:#000000;stroke-width:2;stroke-opacity:1"
       d="M 147,595 147,595 147,594 147,593 147,592 147,591 148,590 148,590 148,589 148,588 148,587 148,586 149,585 149,585 149,584 149,583 150,582 150,582 150,581 151,580 151,580 151,579 151,578 152,577 152,577 152,576 153,575 153,575 153,574 153,573 154,572 154,572 154,571 155,570 155,570 155,569 156,568 156,568 156,567 156,566 157,565 157,565 157,564 157,563 158,562 158,562 158,561 158,560 159,559 159,559 159,558 159,557 160,556 160,556 160,555 160,554 161,553 161,553 161,552 162,551 162,551 162,550 162,549 163,548 163,548 163,547 164,546 164,546 164,545 165,544 165,543 166,542 166,541 167,540 167,539 168,538 168,538 169,537 169,536 170,535 170,534 171,533 171,532 172,531 172,531 173,530 173,529 174,528 174,528 175,527 175,526 176,525 177,524 177,523 178,522 179,521 179,520 180,519 181,518 181,517 182,516 182,515 183,514 184,513 184,512 185,511 186,510 186,509 187,508 187,507 188,506 188,505 189,504 190,503 190,502 191,501 191,500 192,499 193,498 193,497 194,496 194,495 195,494 196,493 196,492 197,491 198,490 198,489 199,488 200,487 200,486 201,485 202,484 202,483 203,482 204,481 205,480 205,479 206,478 207,477 208,476 208,475 209,474 210,473 211,472 212,471 213,470 214,469 215,468 216,467 217,466 218,465 219,464 221,463 222,462 224,461 225,461 227,460 228,460 229,460 230,460 232,459 232,458 232,457 232,456 232,455 232,454 232,453 232,452 232,451 233,449 233,448 233,447 233,446 233,445 233,443 233,441 234,439 234,437 234,435 234,433 235,431 235,429 235,427 236,425 236,423 236,421 237,419 237,417 238,415 238,413 239,411 239,409 239,407 240,405 240,403 240,401 240,399 241,397 241,395 241,393 241,391 241,389 241,387 242,384 242,382 242,380 242,378 242,376 243,374 243,372 243,370 243,368 244,366 244,364 244,362 245,360 245,358 245,356 246,354 246,352 247,349 247,347 247,345 248,342 248,339 249,336 250,333 251,330 251,327 251,324 252,321 252,318 252,315 253,312 254,309 255,306 256,304 258,301 260,299 262,297 264,294 267,292 269,290 272,288 275,286 277,285 280,284 283,283 284,283 285,283 286,283 289,282 290,282 291,282 292,282 293,282 296,281 299,280 302,278 304,275 306,272 308,269 310,266 312,264 314,262 317,259 320,256 322,253 325,250 328,248 331,245 334,242 337,240 340,237 343,234 346,232 349,229 352,227 355,224 358,221 361,219 364,216 366,214 370,211 374,208 378,205 382,202 386,199 389,196 392,193 396,190 399,187 402,184 406,181 410,178 414,175 "
      id = "3" />
<path  style="fill:none;stroke:#000000;stroke-width:2;stroke-opacity:1"
       d="M 424,171 427,170 424,171 "
      id = "4" />
<path  style="fill:none;stroke:#000000;stroke-width:2;stroke-opacity:1"
       d="M 437,166 440,165 444,164 447,164 450,164 453,163 456,163 459,164 462,164 465,164 468,165 469,165 472,166 475,166 476,166 479,167 482,167 485,167 489,166 492,166 "
      id = "5" />
<path  style="fill:none;stroke:#000000;stroke-width:2;stroke-opacity:1"
       d="M 498,165 502,165 498,165 "
      id = "6" />
<path  style="fill:none;stroke:#000000;stroke-width:2;stroke-opacity:1"
       d="M 508,164 512,165 514,165 517,166 519,167 520,168 522,169 523,170 525,171 526,172 526,172 527,173 527,173 528,174 528,174 529,175 529,175 530,176 530,176 531,177 531,177 532,178 532,178 533,179 533,180 533,180 534,181 534,181 535,182 535,183 535,183 536,184 536,185 536,186 536,186 537,187 537,188 537,189 537,189 538,190 538,191 538,192 538,193 538,193 539,194 539,195 539,196 539,197 539,197 540,198 540,199 540,200 540,200 541,201 541,202 541,203 541,204 541,205 541,206 541,206 542,207 542,208 542,209 542,210 542,211 542,212 542,212 543,213 543,214 543,215 543,216 543,217 543,218 543,219 543,220 543,220 544,221 544,222 544,223 544,224 544,224 545,225 545,226 545,227 545,227 546,228 546,229 546,230 546,230 547,231 547,232 547,233 547,233 548,234 548,235 548,236 548,237 548,237 549,238 549,239 549,240 549,240 550,241 550,242 550,243 550,244 550,244 551,245 551,246 551,247 551,248 551,249 551,250 551,250 552,251 552,252 552,253 552,254 552,255 552,256 552,257 552,258 552,259 552,259 553,260 553,261 553,262 553,263 553,264 553,265 553,266 553,267 553,267 554,268 554,269 554,270 554,271 554,272 554,273 554,273 555,274 555,275 555,276 555,277 555,278 555,279 555,280 555,281 555,282 555,283 555,283 556,284 556,285 556,286 556,287 556,288 556,289 556,290 556,291 556,292 556,293 556,294 556,295 556,296 556,297 556,298 556,299 556,300 556,301 556,302 556,303 555,304 555,304 555,305 555,306 555,307 555,308 555,309 555,310 555,311 555,312 555,313 555,314 555,315 555,316 555,317 555,318 555,319 555,320 556,321 555,320 556,322 556,323 556,324 556,325 556,326 556,327 556,328 557,329 556,328 557,330 557,331 557,332 558,333 557,332 558,334 558,335 558,336 558,337 559,338 558,337 559,339 559,340 559,341 560,342 559,341 560,343 560,344 561,345 560,344 561,346 562,347 561,346 562,348 562,349 563,350 562,349 563,351 564,352 563,351 564,353 564,354 565,355 564,354 565,356 565,357 566,358 565,357 566,359 567,360 566,359 567,361 567,362 568,363 568,364 569,365 569,366 570,367 570,368 569,366 568,364 567,362 "
      id = "7" />
<path  style="fill:none;stroke:#000000;stroke-width:2;stroke-opacity:1"
       d="M 570,369 571,370 571,371 570,369 571,372 572,373 573,375 573,376 572,374 572,374 571,372 570,369 "
      id = "8" />
<path  style="fill:none;stroke:#000000;stroke-width:2;stroke-opacity:1"
       d="M 573,377 574,378 574,379 573,377 574,380 575,381 575,382 576,384 576,385 577,387 577,388 580,391 581,392 582,393 583,394 584,395 585,397 586,399 586,400 587,402 587,403 587,404 587,405 587,406 587,407 587,408 587,409 587,410 587,411 587,412 587,413 587,414 587,415 587,416 587,417 587,418 587,419 587,420 587,421 588,423 588,424 589,426 589,427 589,428 590,430 590,431 591,433 591,434 592,436 592,437 592,438 593,440 593,441 593,442 594,444 594,445 594,446 595,448 595,449 595,450 595,451 596,453 597,455 599,457 602,459 605,461 608,463 610,465 612,467 614,469 616,471 618,473 619,475 620,477 621,478 622,480 623,482 624,483 625,485 626,487 627,488 628,490 630,492 631,493 632,495 633,496 634,498 636,500 637,502 638,504 639,505 640,507 641,509 642,511 644,514 645,516 646,518 647,520 648,522 648,523 649,525 650,527 "
      id = "9" />
<path  style="fill:none;stroke:#000000;stroke-width:2;stroke-opacity:1"
       d="M 656,531 660,531 664,533 668,535 670,537 672,540 673,541 675,544 676,546 676,547 677,549 677,550 678,552 678,553 678,554 678,555 678,556 679,559 679,560 679,561 679,562 679,563 680,566 680,567 680,568 680,569 681,572 681,573 681,574 681,575 681,576 681,577 681,578 681,579 681,580 682,583 682,584 682,585 682,586 682,587 682,588 682,589 682,590 682,591 682,592 682,593 682,594 682,595 681,596 681,596 681,597 681,598 681,599 681,600 681,601 681,602 681,603 681,604 681,605 680,606 680,606 680,607 680,608 680,609 680,610 679,611 679,611 679,612 679,613 679,614 678,615 678,615 678,616 678,617 678,618 678,619 677,620 677,620 677,621 677,622 677,623 676,624 676,624 676,625 676,626 676,627 675,628 675,628 675,629 675,630 675,631 675,632 674,633 674,633 674,634 674,635 674,636 673,637 673,637 673,638 673,639 673,640 672,641 672,641 672,642 672,643 672,644 671,645 671,645 671,646 671,647 670,648 670,649 670,650 670,648 669,651 669,652 669,653 669,651 668,654 668,655 668,656 668,657 667,658 667,659 667,660 667,661 666,662 666,663 666,664 666,665 665,666 665,667 665,668 665,669 664,670 664,671 664,672 664,673 663,674 663,675 663,676 663,677 663,678 662,679 662,680 662,681 662,682 662,683 662,684 662,685 662,686 661,687 661,688 661,689 661,690 661,691 661,692 661,693 661,694 661,695 662,699 662,700 662,701 662,702 663,706 663,707 664,711 664,712 665,716 665,717 665,718 665,719 665,720 664,721 664,722 664,723 664,724 664,725 664,726 663,727 663,728 663,729 663,730 663,731 662,732 662,733 662,734 662,735 661,736 661,737 661,738 661,739 661,740 661,741 660,742 660,743 660,744 660,745 659,746 659,747 659,749 659,748 658,750 658,752 658,751 658,750 657,753 657,755 657,754 657,753 656,756 656,758 656,757 656,756 655,759 655,761 655,760 655,759 654,762 654,764 654,763 654,762 653,765 653,767 653,766 653,765 652,768 652,770 652,771 651,773 651,774 650,776 650,777 649,779 649,780 648,782 648,784 648,783 647,785 647,787 647,788 646,790 646,792 646,793 645,795 645,797 645,799 645,800 644,802 644,804 644,806 644,808 644,810 644,812 644,814 644,815 643,817 643,819 643,821 643,823 643,825 643,827 643,826 642,828 642,830 642,832 642,834 642,835 641,837 641,839 641,841 641,843 640,845 640,847 640,848 639,851 639,853 638,856 638,857 637,860 637,861 636,864 635,867 635,868 634,870 633,873 632,876 631,878 630,881 629,883 628,885 627,888 626,890 625,892 624,893 624,893 623,895 622,897 621,898 621,898 620,900 619,901 619,901 618,903 617,904 617,904 616,906 615,907 615,907 614,908 614,908 613,910 612,911 612,911 611,912 611,912 610,914 609,915 609,915 608,916 608,916 607,917 607,917 606,918 606,918 "
      id = "10" />
<path  style="fill:none;stroke:#000000;stroke-width:2;stroke-opacity:1"
       d="M 610,913 610,913 613,909 613,909 616,905 616,905 618,902 618,902 620,899 620,899 622,896 622,896 623,894 623,894 625,891 625,891 626,889 626,889 627,887 627,886 627,886 628,884 628,884 629,882 629,882 630,880 630,879 630,879 631,877 631,877 632,875 632,874 632,874 633,872 633,871 633,871 634,869 634,869 635,866 635,865 635,865 636,863 636,862 636,862 637,859 637,858 637,858 638,855 638,854 638,854 639,852 639,850 639,849 639,849 640,846 640,844 640,844 641,842 641,840 641,838 641,836 641,836 642,833 642,831 642,829 642,828 643,824 643,822 643,820 643,818 643,816 643,816 644,813 644,811 644,809 644,807 644,805 644,803 644,801 644,801 645,798 645,796 645,794 645,794 646,791 646,789 646,789 647,786 647,785 648,781 648,781 649,778 649,778 650,775 650,775 651,772 651,772 652,769 652,768 "
      id = "11" />
<path  style="fill:none;stroke:#000000;stroke-width:2;stroke-opacity:1"
       d="M 664,715 664,715 664,714 664,713 663,710 663,710 663,709 663,708 662,705 662,705 662,704 662,703 "
      id = "12" />
<path  style="fill:none;stroke:#000000;stroke-width:2;stroke-opacity:1"
       d="M 663,674 664,670 665,666 666,662 667,658 668,654 "
      id = "13" />
<path  style="fill:none;stroke:#000000;stroke-width:2;stroke-opacity:1"
       d="M 677,551 677,551 676,548 676,548 675,545 675,545 674,543 674,543 673,542 673,542 672,540 671,539 671,539 670,538 670,538 669,536 669,536 667,535 667,535 666,534 665,534 665,534 663,533 663,533 662,532 661,532 661,532 659,531 658,531 657,531 655,532 655,532 654,532 653,532 652,533 652,533 651,532 651,531 651,533 651,533 650,530 650,529 650,528 650,530 649,526 649,526 648,524 648,524 647,521 647,521 646,519 646,519 645,517 645,517 644,515 644,515 643,513 643,513 642,512 642,512 641,510 641,510 640,508 640,508 639,506 639,506 638,504 637,503 637,503 636,501 636,501 635,499 635,499 634,498 633,497 633,497 632,495 631,494 631,494 630,492 629,491 629,491 628,490 627,489 627,489 626,487 625,486 625,486 624,484 624,484 623,482 622,481 622,481 621,479 621,479 620,477 619,476 619,476 618,474 618,474 617,472 617,472 616,471 615,470 615,470 614,469 613,468 613,468 612,467 611,466 611,466 610,465 609,464 609,464 607,463 607,463 606,462 606,462 604,461 604,461 603,460 603,460 601,459 601,459 600,458 600,458 599,457 598,456 597,456 597,456 596,454 596,454 595,452 595,452 "
      id = "14" />
<path  style="fill:none;stroke:#000000;stroke-width:2;stroke-opacity:1"
       d="M 594,447 594,447 593,443 593,443 592,439 592,439 591,435 591,435 590,432 590,432 589,429 589,429 588,425 588,425 587,422 587,422 "
      id = "15" />
<path  style="fill:none;stroke:#000000;stroke-width:2;stroke-opacity:1"
       d="M 586,401 586,401 585,398 585,398 584,396 584,396 583,394 582,393 581,392 579,391 578,390 578,391 578,391 577,389 577,389 576,386 576,386 575,383 575,383 574,380 "
      id = "16" />
<path  style="fill:none;stroke:#000000;stroke-width:2;stroke-opacity:1"
       d="M 524,171 524,171 523,170 521,169 521,169 520,168 518,167 518,167 516,166 515,166 515,166 513,165 511,165 510,165 509,165 509,165 507,165 507,165 506,165 505,165 504,165 503,165 501,165 500,165 499,165 497,166 497,166 496,166 495,166 494,166 493,166 491,166 490,166 488,167 488,167 487,167 486,167 484,167 483,167 481,167 480,167 478,167 477,167 477,167 474,166 473,166 471,166 470,166 470,166 467,165 466,165 466,165 464,164 463,164 461,164 460,164 458,164 457,164 457,164 455,163 454,163 452,164 452,164 451,164 449,164 448,164 446,164 445,164 443,165 443,165 442,165 441,165 439,166 439,166 438,166 436,167 436,167 435,167 434,168 434,168 433,168 431,169 431,169 430,169 429,170 429,170 428,170 426,171 426,171 425,171 423,172 423,172 422,172 421,173 421,173 420,173 418,174 418,174 417,174 416,175 416,175 415,175 413,176 413,176 412,177 412,177 411,177 410,178 409,179 409,179 408,179 407,180 407,180 406,181 405,182 405,182 404,182 403,183 403,183 402,184 401,185 401,185 400,186 400,186 399,187 398,188 398,188 397,189 397,189 396,190 395,191 395,191 394,191 393,192 393,192 392,193 391,194 391,194 390,195 390,195 389,196 388,197 388,197 387,198 387,198 386,199 385,200 385,200 384,200 383,201 383,201 382,202 381,203 381,203 380,204 380,204 379,204 378,205 377,206 377,206 376,207 376,207 375,207 374,208 373,209 373,209 372,210 372,210 371,211 371,211 369,212 369,212 368,213 368,213 367,214 367,214 365,215 365,215 364,216 363,217 363,217 362,218 362,218 361,219 360,220 360,220 359,221 359,221 357,222 357,222 356,223 356,223 355,224 354,225 354,225 353,226 353,226 352,227 351,228 351,228 350,229 350,229 348,230 348,230 347,231 347,231 346,232 345,233 345,233 344,234 344,234 342,235 342,235 341,236 341,236 340,237 339,238 339,238 338,239 338,239 337,240 336,241 336,241 335,242 335,242 333,243 333,243 332,244 332,244 331,245 330,246 330,246 329,247 329,247 328,248 327,249 327,249 326,249 325,250 324,251 324,251 323,252 323,252 322,254 322,254 321,255 321,255 320,256 319,257 319,257 318,258 318,258 317,259 316,260 316,260 315,261 315,261 314,262 313,263 313,263 312,264 311,265 311,265 310,267 310,267 309,268 309,268 308,269 307,270 307,271 307,271 306,272 305,273 305,274 305,274 304,275 303,276 303,277 303,277 302,278 301,279 301,279 300,280 300,280 298,281 298,281 297,281 295,282 295,282 294,282 "
      id = "17" />
<path  style="fill:none;stroke:#000000;stroke-width:2;stroke-opacity:1"
       d="M 282,284 282,284 281,284 279,285 279,285 278,285 276,286 276,286 274,287 274,287 273,287 272,288 271,289 271,289 270,289 269,290 268,291 268,291 267,292 266,293 266,293 265,294 265,294 263,295 263,296 263,296 262,297 261,298 261,298 260,299 259,300 259,300 258,302 258,302 257,303 257,303 256,305 256,305 255,307 255,307 254,308 254,309 253,310 253,311 253,313 253,313 252,314 252,316 252,317 252,319 252,320 252,322 252,322 251,323 251,325 251,326 251,328 251,329 251,330 250,331 250,332 250,334 250,334 249,335 249,337 249,338 249,338 248,340 248,341 248,343 248,343 247,344 247,346 247,348 247,349 246,350 246,351 246,353 246,354 245,355 245,357 245,359 245,360 244,361 244,363 244,365 244,366 243,367 243,369 243,371 243,373 243,374 242,375 242,377 242,379 242,381 242,383 242,384 241,385 241,386 241,388 241,390 241,392 241,394 241,396 241,397 240,398 240,400 240,402 240,404 240,405 239,406 239,408 239,410 239,411 238,412 238,414 238,416 238,416 237,418 237,420 237,420 236,422 236,424 236,425 235,426 235,428 235,430 235,431 234,432 234,434 234,436 234,438 234,440 234,440 233,442 233,444 233,449 232,450 "
      id = "18" />
<path  style="fill:none;stroke:#000000;stroke-width:2;stroke-opacity:1"
       d="M 226,461 226,461 223,462 223,462 221,463 220,464 220,464 218,465 217,466 216,467 215,468 214,469 213,470 212,471 211,472 210,473 209,474 208,476 207,477 206,478 205,480 204,481 203,482 202,484 201,485 200,487 199,488 198,490 197,491 196,493 195,494 194,496 193,498 192,499 191,501 190,503 189,504 188,506 187,508 186,510 185,511 184,513 183,514 182,516 181,518 180,519 179,521 178,522 177,524 176,525 175,527 173,530 171,533 170,535 169,537 167,540 166,542 "
      id = "19" />
<path  style="fill:none;stroke:#000000;stroke-width:2;stroke-opacity:1"
       d="M 329,377 329,377 329,378 328,379 328,379 327,380 327,380 327,381 326,382 326,382 325,383 325,383 325,384 324,385 324,385 324,386 323,387 323,387 323,388 322,389 322,389 322,390 321,391 321,391 321,392 321,393 320,394 320,394 320,395 320,396 319,397 319,397 319,398 319,399 319,400 319,401 318,402 318,402 318,403 318,404 318,405 317,406 317,406 317,407 317,408 317,409 317,410 316,411 316,411 316,412 316,413 316,414 316,415 316,416 315,417 315,417 315,418 315,419 315,420 315,421 315,422 314,423 314,423 314,424 314,425 314,426 314,427 314,428 314,429 314,430 314,431 314,432 314,433 314,434 314,435 314,436 313,437 313,438 313,439 313,440 313,441 313,442 312,443 312,444 312,445 312,446 311,447 311,448 311,449 311,450 310,451 310,452 310,453 309,454 309,455 308,456 308,457 308,458 308,459 307,459 307,459 307,459 309,459 309,459 310,458 311,458 311,458 312,457 313,457 314,457 315,457 315,457 316,456 317,456 318,456 319,456 320,456 320,456 321,455 322,455 323,455 324,455 325,455 326,455 327,455 328,455 329,455 330,455 331,455 332,456 332,456 333,456 334,456 335,457 335,457 336,457 337,458 337,458 338,458 339,458 340,459 340,459 341,459 342,460 342,460 343,460 344,461 344,461 345,461 346,462 346,462 347,462 348,463 348,463 349,463 350,464 350,464 351,464 352,465 352,465 353,465 354,466 354,466 355,466 356,466 357,467 357,467 358,467 359,467 359,467 359,466 359,465 359,465 358,464 358,463 358,462 358,461 358,460 358,459 358,458 358,457 358,456 358,455 358,454 358,453 358,452 358,451 358,451 357,450 358,449 358,449 358,448 358,447 358,446 359,445 359,445 359,444 360,443 360,443 360,442 361,441 361,441 362,440 362,440 362,439 362,438 362,437 362,437 361,436 361,435 361,435 360,434 360,433 360,433 359,432 359,431 359,430 359,430 358,429 358,428 358,427 358,426 358,426 357,425 357,424 357,423 357,422 357,421 357,420 357,419 357,418 357,417 358,416 358,416 358,415 358,414 358,413 358,412 359,411 359,411 359,410 359,409 360,408 360,408 361,407 362,407 362,407 363,406 364,407 364,407 365,407 366,407 366,407 367,406 367,406 368,405 369,405 370,405 370,405 371,404 372,405 372,405 373,405 374,405 375,405 376,405 377,405 377,405 378,404 378,404 379,403 380,403 381,403 382,403 383,403 383,403 384,402 385,402 385,402 386,401 386,401 387,400 388,400 388,400 389,399 390,400 391,400 392,401 392,401 392,401 393,400 394,400 394,400 395,399 396,399 396,399 397,398 398,399 399,399 400,399 400,399 401,398 402,398 403,398 404,398 405,398 406,398 407,398 407,398 408,397 409,397 409,397 410,396 411,396 412,396 413,396 414,396 415,396 416,396 417,396 418,396 419,396 419,396 420,395 420,395 421,394 421,394 422,393 422,393 423,392 424,392 425,392 425,392 427,392 428,392 429,392 430,393 431,393 432,394 432,394 432,394 433,393 434,393 435,393 436,393 437,394 438,394 438,394 439,393 440,393 441,393 442,393 442,393 443,392 443,392 444,391 445,390 446,390 447,389 448,389 449,390 450,390 451,391 452,392 453,393 454,394 455,395 456,395 457,396 458,397 459,398 459,399 460,400 462,400 462,401 462,402 462,402 462,403 463,404 463,404 463,405 463,406 463,406 463,407 463,407 463,408 463,408 463,409 463,409 463,410 463,410 463,411 463,411 463,412 464,413 464,413 464,414 464,415 464,416 464,417 464,418 464,419 465,420 465,420 465,421 466,422 466,422 466,423 466,423 465,423 464,424 464,424 463,424 462,425 462,425 461,425 461,425 461,424 461,423 461,422 461,421 461,421 462,420 462,419 462,418 462,417 462,417 463,416 463,415 463,414 463,413 463,412 "
      id = "20" />
<path  style="fill:none;stroke:#000000;stroke-width:2;stroke-opacity:1"
       d="M 462,405 462,405 462,404 462,403 461,401 461,401 462,399 462,398 462,397 462,396 462,395 462,394 462,394 462,392 462,392 462,391 463,390 464,389 465,389 466,389 467,389 468,389 469,389 470,389 471,389 472,389 473,389 474,389 475,388 476,388 477,388 478,388 479,388 481,388 483,388 485,388 487,388 488,388 489,389 490,390 492,390 492,391 492,392 492,393 492,394 492,395 492,396 492,397 492,398 492,399 493,400 493,400 493,401 493,402 493,403 493,404 493,405 493,406 493,407 493,408 493,409 493,410 494,411 494,411 494,412 494,413 495,415 495,415 495,416 495,417 495,418 495,419 495,420 496,422 496,422 496,423 496,424 497,426 497,426 497,426 496,426 496,425 495,426 494,426 493,426 492,426 492,426 491,425 490,425 489,425 488,425 487,425 486,425 486,425 486,424 487,423 487,422 488,421 488,420 488,419 489,418 489,417 489,416 490,415 490,414 490,413 490,412 491,411 491,410 491,409 491,408 491,407 491,406 491,405 491,404 491,403 491,402 491,401 491,400 491,399 491,398 491,397 491,396 491,395 491,394 491,393 491,392 491,391 492,389 492,388 493,387 493,387 493,386 494,385 496,384 498,383 499,383 501,382 503,382 505,382 507,382 509,382 511,382 513,382 515,382 517,382 519,382 521,382 523,382 525,382 526,382 526,383 526,384 526,385 526,386 526,387 526,388 526,389 526,390 526,391 526,392 526,393 526,394 526,395 526,396 527,398 527,398 527,399 527,400 527,401 527,402 527,403 527,404 527,405 527,405 526,406 526,407 526,408 526,409 526,410 526,411 526,412 526,413 526,414 526,415 526,416 526,417 526,418 526,419 526,420 526,421 526,422 526,423 526,423 525,423 524,423 524,423 523,422 522,423 522,423 521,423 520,423 520,423 520,422 521,421 521,420 521,419 521,418 521,417 522,416 522,415 522,414 522,413 522,412 522,411 522,410 522,409 523,408 523,407 523,406 523,405 523,404 523,403 523,402 523,401 523,400 523,399 523,398 526,397 524,395 524,394 524,393 524,392 524,391 525,390 525,389 525,388 525,387 525,386 525,385 524,384 524,384 524,382 526,381 526,381 526,381 523,383 523,383 522,382 522,382 521,382 520,382 520,381 520,381 519,380 519,379 519,379 518,378 518,377 518,376 518,375 518,375 517,374 517,373 517,372 517,371 517,370 517,369 517,368 517,368 516,367 516,366 516,366 515,365 515,365 514,364 514,363 514,363 513,362 513,362 512,361 512,361 511,360 511,359 511,359 510,358 510,358 509,357 509,356 509,356 508,355 508,354 508,354 507,353 507,352 507,352 506,351 506,350 506,349 506,349 505,348 505,347 505,346 505,345 505,344 505,343 505,343 504,342 504,341 504,340 504,339 504,338 504,337 504,336 504,335 504,334 504,333 504,332 504,331 504,330 504,329 504,328 504,327 504,326 504,325 504,324 504,323 504,322 504,321 504,320 505,318 505,317 505,316 506,314 507,312 508,310 509,308 510,307 511,305 511,305 511,305 510,305 510,306 510,307 509,305 508,305 507,305 506,305 505,305 504,305 503,305 502,304 502,304 501,303 501,302 501,301 501,300 501,299 501,298 501,297 501,296 501,295 501,294 501,293 501,292 501,292 500,291 500,290 500,289 500,289 499,288 499,287 499,286 499,286 498,285 498,285 497,285 496,285 495,285 495,285 495,286 495,286 496,287 496,288 496,289 496,290 496,291 496,291 497,292 497,293 497,294 497,294 498,295 498,296 498,297 498,297 499,298 499,299 499,300 499,300 500,301 500,302 500,303 500,304 499,305 499,305 498,306 497,306 496,306 495,306 494,306 493,306 492,306 491,305 491,305 491,305 490,306 489,306 488,306 487,306 486,306 485,306 484,306 483,306 482,306 481,306 480,306 480,306 479,307 478,307 477,306 477,306 476,305 476,305 475,304 475,303 475,302 475,302 474,301 474,300 474,299 474,298 474,297 474,296 474,296 473,295 473,294 473,293 473,292 473,291 473,290 473,289 473,288 473,287 473,287 472,287 471,287 470,287 470,287 470,288 470,288 471,289 471,290 471,291 471,291 472,292 472,293 472,294 472,295 472,296 472,297 472,297 473,298 473,299 473,300 473,301 473,302 473,302 474,303 474,304 474,305 473,306 473,306 472,307 471,307 471,307 470,308 469,308 468,308 468,308 467,309 466,309 465,309 465,309 464,310 463,310 462,310 462,310 461,311 460,311 459,311 458,311 458,311 457,312 456,312 455,312 454,312 453,312 452,311 452,310 452,309 452,308 452,307 452,306 452,305 452,305 451,304 451,303 451,302 451,301 451,300 451,299 451,298 451,298 450,297 450,296 450,295 450,294 450,293 450,292 450,291 450,291 449,291 448,291 448,291 448,292 448,293 448,293 449,294 449,295 449,296 449,297 449,298 449,298 450,299 450,300 450,301 450,302 450,303 450,304 450,305 449,306 449,306 449,307 449,308 448,309 448,309 447,310 446,310 446,310 445,311 445,311 444,312 444,312 443,313 442,313 442,313 441,314 441,314 440,315 440,315 440,316 439,317 439,317 439,318 439,319 438,320 438,320 437,321 437,321 436,322 435,322 434,322 433,322 432,322 431,322 431,322 430,323 429,323 429,323 428,324 428,324 427,325 426,325 426,325 425,326 424,326 423,326 423,326 422,327 421,327 420,327 419,326 419,326 418,326 417,325 417,325 417,325 417,326 417,327 416,328 416,328 416,329 416,330 415,331 415,331 414,332 414,332 413,333 413,333 412,334 411,334 411,334 410,335 409,335 409,335 408,336 408,336 407,337 407,337 406,338 406,338 405,339 404,339 404,339 403,340 402,340 401,340 400,340 399,340 398,340 397,339 397,339 396,339 395,339 395,339 395,340 395,341 394,342 394,342 394,343 393,344 393,344 392,345 391,345 391,345 390,346 389,346 389,346 388,347 388,347 387,348 387,348 386,349 386,349 385,350 384,350 384,350 384,351 384,352 384,353 383,354 383,354 383,355 382,356 382,356 381,357 381,357 380,358 380,358 379,359 379,359 379,360 378,361 378,361 377,362 377,362 377,363 376,364 375,364 375,364 374,365 374,365 373,366 372,366 371,366 370,366 370,366 370,367 370,368 370,369 369,370 369,370 369,371 368,372 367,372 367,372 366,373 365,373 365,373 364,374 364,374 364,375 364,376 363,377 363,377 362,378 362,378 361,379 361,379 360,380 359,380 359,380 358,381 357,381 356,380 356,380 355,380 354,380 353,379 353,379 352,379 351,379 350,379 349,379 349,379 348,380 347,380 346,380 345,380 344,379 344,379 343,378 343,378 342,377 342,376 342,375 342,375 341,374 341,373 341,372 341,371 341,370 341,369 341,369 340,368 340,367 340,367 339,367 339,367 338,368 338,368 337,369 337,369 336,370 336,370 335,371 335,371 334,372 334,372 333,373 333,373 332,374 332,374 331,375 331,375 330,376 330,376 "
      id = "21" />
<path  style="fill:none;stroke:#000000;stroke-width:2;stroke-opacity:1"
       d="M 312,443 311,447 310,451 309,454 308,456 "
      id = "22" />
<path  style="fill:none;stroke:#000000;stroke-width:2;stroke-opacity:1"
       d="M 426,391 427,392 430,393 426,391 "
      id = "23" />
<path  style="fill:none;stroke:#000000;stroke-width:2;stroke-opacity:1"
       d="M 444,391 446,390 449,390 451,391 452,392 453,393 454,394 455,395 457,396 458,397 459,399 460,400 "
      id = "24" />
<path  style="fill:none;stroke:#000000;stroke-width:2;stroke-opacity:1"
       d="M 461,393 463,390 461,393 "
      id = "25" />
<path  style="fill:none;stroke:#000000;stroke-width:2;stroke-opacity:1"
       d="M 480,388 482,388 484,388 486,388 489,389 490,390 "
      id = "26" />
<path  style="fill:none;stroke:#000000;stroke-width:2;stroke-opacity:1"
       d="M 494,385 496,384 497,383 499,383 500,382 502,382 504,382 506,382 508,382 510,382 512,382 514,382 516,382 518,382 "
      id = "27" />
<path  style="fill:none;stroke:#000000;stroke-width:2;stroke-opacity:1"
       d="M 494,414 490,412 489,416 488,419 487,422 486,424 "
      id = "28" />
<path  style="fill:none;stroke:#000000;stroke-width:2;stroke-opacity:1"
       d="M 504,319 505,318 505,315 506,314 507,312 508,310 509,308 508,309 507,311 "
      id = "29" />
<path  style="fill:none;stroke:#000000;stroke-width:2;stroke-opacity:1"
       d="M 613,536 613,535 613,534 613,533 613,532 613,531 613,530 613,529 613,528 613,527 613,526 613,525 613,525 613,525 614,526 615,526 615,526 616,527 616,527 617,528 617,528 618,529 618,529 619,530 619,530 620,531 620,531 621,532 621,532 622,533 622,533 623,534 623,534 624,535 624,535 625,536 625,536 625,537 626,538 626,538 627,539 627,539 628,540 628,540 629,541 629,541 630,542 630,542 630,543 631,543 631,543 631,543 629,544 629,544 628,544 627,545 627,545 626,545 625,545 624,545 623,545 622,545 621,545 620,545 619,545 618,545 617,545 617,545 616,544 615,544 614,544 614,544 614,543 614,542 614,541 614,540 614,539 613,538 613,538 613,536 "
      id = "30" />
<path  style="fill:none;stroke:#000000;stroke-width:2;stroke-opacity:1"
       d="M 328,377 328,378 328,378 327,379 327,379 326,380 326,381 326,381 325,382 325,382 324,383 324,384 324,384 323,385 323,386 323,386 322,387 322,388 322,388 321,389 321,390 321,390 320,391 320,392 320,393 320,393 319,394 319,395 319,396 319,396 318,397 318,398 318,399 318,400 318,401 318,401 317,402 317,403 317,404 317,405 317,405 316,406 316,407 316,408 316,409 316,410 316,410 315,411 315,412 315,413 315,414 315,415 315,416 315,416 314,417 314,418 314,419 314,420 314,421 314,422 314,422 313,423 313,424 313,425 313,426 313,427 313,428 313,429 313,430 313,431 313,432 313,433 313,434 313,435 313,436 313,436 312,437 312,438 312,439 312,440 312,441 312,442 312,442 311,443 311,444 311,445 311,446 311,446 310,447 310,448 310,449 310,450 310,450 309,451 309,452 309,453 309,453 308,454 308,455 308,455 307,456 307,457 307,458 306,459 307,460 308,460 309,460 310,459 310,459 311,459 312,458 312,458 313,458 314,458 315,458 316,457 316,457 317,457 318,457 319,457 320,457 321,456 321,456 322,456 323,456 324,456 325,456 326,456 327,456 328,456 329,456 330,456 331,456 331,456 332,457 333,457 334,457 334,457 335,458 336,458 336,458 337,459 338,459 339,459 339,459 340,460 341,460 341,460 342,461 343,461 343,461 344,462 345,462 346,463 347,463 348,464 349,464 350,465 351,465 352,466 353,466 354,467 355,467 356,467 357,468 358,468 359,468 360,467 360,466 360,465 359,464 359,464 359,463 359,462 359,461 359,460 359,459 359,458 359,457 359,456 359,455 359,454 359,453 359,452 359,451 358,450 358,450 358,450 359,449 359,448 359,447 359,446 359,446 360,445 360,444 360,444 361,443 361,442 361,442 362,441 362,441 363,440 363,439 363,438 363,437 362,436 362,436 362,435 361,434 361,434 361,433 360,432 360,432 360,431 360,430 359,429 359,429 359,428 359,427 359,426 358,425 358,425 358,424 358,423 358,422 358,421 358,420 358,419 358,418 358,417 358,417 359,416 359,415 359,414 359,413 359,412 359,412 360,411 360,410 360,409 360,409 361,408 361,408 362,408 363,407 363,407 363,407 364,408 365,408 366,408 367,407 367,407 368,406 368,406 369,406 370,406 371,405 371,405 371,405 372,406 373,406 374,406 375,406 376,406 377,406 378,405 378,405 379,404 380,404 381,404 382,404 383,404 384,403 385,403 386,402 386,402 387,401 388,401 389,400 389,400 389,400 390,401 391,401 391,401 392,402 393,401 394,401 395,400 396,400 397,399 397,399 397,399 398,400 399,400 400,400 401,399 402,399 403,399 404,399 405,399 406,399 407,399 408,398 409,398 410,397 411,397 412,397 413,397 414,397 415,397 416,397 417,397 418,397 419,397 420,396 420,396 421,395 421,395 422,394 422,394 423,393 424,393 425,393 427,393 428,393 429,393 430,394 431,394 432,395 433,394 434,394 435,394 436,394 437,395 438,395 439,394 440,394 441,394 442,394 443,393 443,393 444,392 445,391 446,391 447,390 448,390 449,391 450,391 451,392 452,393 453,394 454,395 455,396 456,396 457,397 458,398 458,398 458,399 459,400 460,401 461,402 463,402 463,403 464,404 464,405 464,406 464,407 464,408 464,409 464,410 464,411 464,412 465,413 465,414 465,415 465,416 465,417 465,418 465,419 466,420 466,421 467,422 467,423 466,424 465,424 465,424 464,425 463,425 463,425 462,426 461,426 460,425 460,424 460,423 460,422 460,421 461,420 461,420 461,419 461,418 461,417 462,416 462,416 462,415 462,414 462,413 464,412 462,412 462,411 462,410 462,409 462,408 462,407 462,406 462,406 461,405 461,404 463,403 463,401 463,400 463,399 463,398 463,397 463,396 463,395 463,394 463,392 463,391 464,390 465,390 466,390 467,390 468,390 469,390 470,390 471,390 472,390 473,390 474,390 475,389 476,389 477,389 478,389 480,389 482,389 484,389 486,389 488,389 489,390 490,391 493,391 493,392 493,393 493,394 493,395 493,396 493,397 493,398 493,399 494,400 494,401 494,402 494,403 494,404 494,405 494,406 494,407 494,408 494,409 494,410 495,411 495,412 495,413 496,415 496,416 496,417 496,418 496,419 496,420 497,422 497,423 497,424 498,426 497,427 496,427 497,425 497,425 495,427 494,427 493,427 492,427 491,426 491,426 490,426 489,426 488,426 487,426 486,426 485,425 485,424 486,423 486,423 486,422 487,421 487,421 487,420 487,419 488,418 488,418 488,417 488,416 489,415 489,415 489,414 489,413 489,412 490,411 490,411 490,410 490,409 490,408 490,407 490,406 490,405 490,404 490,403 490,402 490,401 490,400 493,399 490,399 490,398 490,397 490,396 490,395 490,394 490,393 490,392 490,391 493,390 493,389 493,388 494,387 494,386 496,385 498,384 499,384 501,383 503,383 505,383 507,383 509,383 511,383 513,383 515,383 517,383 519,383 521,383 522,383 523,384 524,385 527,385 527,386 527,387 527,388 527,389 527,390 527,391 527,392 527,393 527,394 527,395 527,396 528,398 528,399 528,400 528,401 528,402 528,403 528,404 528,405 527,406 527,406 527,407 527,408 527,409 527,410 527,411 527,412 527,413 527,414 527,415 527,416 527,417 527,418 527,419 527,420 527,421 527,422 527,423 526,424 525,424 524,424 523,423 523,423 523,423 522,424 521,424 520,424 519,423 519,422 520,421 520,421 520,420 520,419 520,418 520,417 521,416 521,416 521,415 521,414 521,413 521,412 521,411 521,410 521,409 522,408 522,408 522,407 522,406 522,405 522,404 522,403 522,402 522,401 522,400 522,399 522,398 522,397 522,396 523,395 523,395 523,394 523,393 523,392 523,391 524,390 524,390 524,389 524,388 524,387 524,386 524,385 527,384 527,383 527,382 527,381 526,380 525,381 525,381 524,381 523,381 522,381 522,383 523,384 521,381 521,381 520,380 520,380 520,379 519,378 519,378 519,377 519,376 519,375 518,374 518,374 518,373 518,372 518,371 518,370 518,369 518,368 517,367 517,367 517,366 516,365 516,365 515,364 515,364 515,363 514,362 514,362 513,361 513,361 512,360 512,360 512,359 511,358 511,358 510,357 510,357 510,356 509,355 509,355 509,354 508,353 508,353 508,352 507,351 507,351 507,350 507,349 506,348 506,348 506,347 506,346 506,345 506,344 506,343 505,342 505,342 505,341 505,340 505,339 505,338 505,337 505,336 505,335 505,334 505,333 505,332 505,331 505,330 505,329 505,328 505,327 505,326 505,325 505,324 505,323 505,322 505,321 505,320 506,318 506,317 506,316 507,314 508,312 509,310 510,308 511,307 512,305 511,304 510,304 511,306 511,306 510,308 509,309 509,309 508,311 508,311 507,313 507,313 506,315 506,315 505,319 505,319 "
      id = "31" />
<path  style="fill:none;stroke:#000000;stroke-width:2;stroke-opacity:1"
       d="M 507,304 509,304 508,304 506,304 505,304 504,304 503,304 503,304 502,303 502,302 502,301 502,300 502,299 502,298 502,297 502,296 502,295 502,294 502,293 502,292 501,291 501,290 501,289 500,288 500,287 500,286 499,285 499,285 498,284 497,284 496,284 495,284 494,285 494,286 495,287 495,287 495,288 495,289 495,290 495,291 496,292 496,292 496,293 496,294 497,295 497,295 497,296 497,297 498,298 498,298 498,299 498,300 499,301 499,301 499,302 502,303 499,303 499,304 499,304 498,305 498,305 497,305 496,305 495,305 494,305 493,305 492,305 492,305 491,304 490,305 490,305 489,305 488,305 487,305 486,305 485,305 484,305 483,305 482,305 481,305 480,305 479,306 479,306 478,306 478,306 477,305 477,305 476,304 476,303 476,302 475,301 475,300 475,299 475,298 475,297 475,296 474,295 474,294 474,293 474,292 474,291 474,290 474,289 474,288 474,287 473,286 472,286 471,286 470,286 469,287 469,288 470,289 470,289 470,290 470,291 471,292 471,292 471,293 471,294 471,295 474,295 471,296 471,297 472,298 472,298 472,299 472,300 472,301 475,301 476,304 473,303 473,303 473,304 473,305 473,305 472,306 472,306 471,306 470,307 470,307 469,307 468,307 467,308 467,308 466,308 465,308 464,309 464,309 463,309 462,309 461,310 461,310 460,310 459,310 458,310 457,311 457,311 456,311 455,311 454,311 453,310 453,309 453,308 453,307 453,306 453,305 452,304 452,303 452,302 452,301 452,300 452,299 452,298 451,297 451,296 451,295 451,294 451,293 451,292 451,291 450,290 449,290 448,290 447,291 447,292 447,293 448,294 448,294 448,295 448,296 448,297 451,297 449,299 449,299 449,300 449,301 449,302 449,303 449,304 452,304 449,305 449,305 448,306 448,307 448,308 448,308 447,309 447,309 446,309 445,310 445,310 444,311 444,311 443,312 443,312 442,312 441,313 441,313 440,314 440,314 439,315 439,316 439,316 438,317 438,318 438,319 438,319 437,320 437,320 436,321 436,321 435,321 434,321 433,321 432,321 431,321 430,322 430,322 429,322 428,323 428,323 427,324 427,324 426,324 425,325 425,325 424,325 423,325 422,326 422,326 421,326 420,326 420,326 419,325 418,325 418,325 417,324 416,325 416,326 416,327 416,327 415,328 415,329 415,330 415,330 414,331 414,331 413,332 413,332 412,333 412,333 411,333 410,334 410,334 409,334 408,335 408,335 407,336 407,336 406,337 406,337 405,338 405,338 404,338 403,339 403,339 402,339 401,339 400,339 399,339 398,339 398,339 397,338 396,338 395,338 394,339 394,340 394,341 394,341 393,342 393,343 393,343 392,344 392,344 391,344 390,345 390,345 389,345 388,346 388,346 387,347 387,347 386,348 386,348 385,349 385,349 384,349 383,350 383,351 383,352 383,353 383,353 382,354 382,355 382,355 381,356 381,356 380,357 380,357 379,358 379,358 378,359 378,360 378,360 377,361 377,361 376,362 376,363 376,363 375,363 374,364 374,364 373,365 373,365 372,365 371,365 370,365 369,366 369,367 369,368 369,369 369,369 368,370 368,371 368,371 367,371 366,372 366,372 365,372 364,373 364,373 363,374 363,375 363,376 363,376 362,377 362,377 361,378 361,378 360,379 360,379 359,379 358,380 358,380 357,380 357,380 356,379 355,379 354,379 354,379 353,378 352,378 351,378 350,378 349,378 348,379 348,379 347,379 346,379 345,379 345,379 344,378 344,378 343,377 343,377 343,376 343,375 342,374 342,374 342,373 342,372 342,371 342,370 342,369 341,368 341,368 341,367 340,366 339,366 338,367 338,367 337,368 337,368 336,369 336,369 335,370 335,370 334,371 334,371 333,372 333,372 332,373 332,373 331,374 331,374 330,375 330,375 329,376 329,376 "
      id = "32" />
<path  style="fill:none;stroke:#000000;stroke-width:2;stroke-opacity:1"
       d="M 384,403 387,401 384,403 "
      id = "33" />
<path  style="fill:none;stroke:#000000;stroke-width:2;stroke-opacity:1"
       d="M 393,401 395,400 393,401 "
      id = "34" />
<path  style="fill:none;stroke:#000000;stroke-width:2;stroke-opacity:1"
       d="M 408,398 410,397 408,398 "
      id = "35" />
<path  style="fill:none;stroke:#000000;stroke-width:2;stroke-opacity:1"
       d="M 423,393 426,392 426,392 426,392 429,393 431,394 433,394 436,394 439,394 "
      id = "36" />
<path  style="fill:none;stroke:#000000;stroke-width:2;stroke-opacity:1"
       d="M 444,392 445,391 447,390 448,390 450,391 451,392 452,393 453,394 454,395 456,396 457,397 459,400 460,401 461,402 461,403 "
      id = "37" />
<path  style="fill:none;stroke:#000000;stroke-width:2;stroke-opacity:1"
       d="M 462,393 462,393 462,393 463,391 464,390 462,393 "
      id = "38" />
<path  style="fill:none;stroke:#000000;stroke-width:2;stroke-opacity:1"
       d="M 475,389 479,389 481,389 483,389 485,389 487,389 488,389 489,390 493,388 494,386 495,385 497,384 500,383 502,383 504,383 506,383 508,383 510,383 512,383 514,383 516,383 518,383 520,383 "
      id = "39" />
<path  style="fill:none;stroke:#000000;stroke-width:2;stroke-opacity:1"
       d="M 500,383 497,384 495,385 "
      id = "40" />
<path  style="fill:none;stroke:#000000;stroke-width:2;stroke-opacity:1"
       d="M 356,467 353,466 351,465 349,464 347,463 345,462 "
      id = "41" />
<path  style="fill:none;stroke:#000000;stroke-width:2;stroke-opacity:1"
       d="M 147,596 147,596 147,597 147,598 147,599 147,600 146,601 146,601 146,602 146,603 146,604 146,605 146,606 145,607 145,607 145,608 145,609 145,610 145,611 144,612 144,612 144,613 144,614 144,615 144,616 144,617 143,618 143,618 143,619 143,620 143,621 143,622 142,623 142,623 142,624 142,625 142,626 142,627 141,628 141,628 141,629 141,630 141,631 141,632 140,633 140,633 140,634 140,635 140,636 140,637 140,638 139,639 139,639 139,640 139,641 139,642 139,643 138,644 138,644 138,645 138,646 138,647 138,648 138,649 138,650 137,651 137,652 137,653 137,654 137,655 137,656 136,657 136,658 136,659 136,660 136,661 136,662 136,663 136,664 136,665 136,666 135,667 135,668 135,669 135,670 135,671 135,672 135,673 135,674 135,675 135,676 134,677 134,678 134,679 134,680 134,681 134,682 134,683 134,684 134,685 134,686 134,687 134,688 134,689 134,690 134,691 134,692 134,693 134,694 134,695 134,696 134,697 134,698 134,699 134,700 134,701 134,702 134,703 134,704 134,705 134,706 134,707 134,708 134,709 134,710 134,711 134,712 134,713 134,714 134,715 134,716 134,717 134,718 134,719 135,720 135,721 135,722 135,723 135,724 135,725 135,726 135,727 135,728 135,729 136,730 136,731 136,732 136,733 136,734 136,735 136,736 137,737 137,738 137,739 137,740 137,741 137,742 137,743 138,744 138,745 138,746 138,748 139,750 139,752 139,753 140,755 140,757 140,758 141,760 141,762 142,764 142,766 143,768 143,770 144,772 144,774 145,776 145,778 146,780 146,781 147,783 147,784 148,786 148,787 149,789 149,790 150,792 150,793 151,795 152,797 152,799 153,801 154,803 154,805 155,807 156,809 156,811 157,813 158,815 159,817 159,819 160,821 161,823 162,825 163,827 164,829 164,831 165,833 166,835 167,837 168,839 168,841 169,843 170,845 171,847 172,849 173,851 174,853 175,855 176,857 177,859 178,861 179,863 181,866 182,868 184,871 186,874 188,877 190,880 192,882 193,884 195,886 196,888 198,890 200,892 202,894 204,896 205,898 207,900 209,902 211,904 213,906 215,908 217,910 219,912 220,913 222,914 224,916 226,918 227,919 230,921 232,923 233,924 236,926 237,927 240,929 243,931 244,932 247,934 248,935 251,937 254,939 257,941 260,943 263,945 266,947 268,948 270,949 273,951 275,952 277,953 279,954 281,955 284,957 286,958 288,959 290,960 292,961 294,962 296,963 298,964 300,965 302,966 304,967 306,968 308,969 311,970 313,971 315,972 318,973 320,974 322,975 325,976 328,977 331,978 334,979 337,980 340,981 344,982 347,983 351,984 353,984 356,985 360,986 362,986 366,987 368,987 372,988 374,988 376,988 380,989 382,989 384,989 386,989 "
      id = "43" />
<path  style="fill:none;stroke:#000000;stroke-width:2;stroke-opacity:1"
       d="M 391,990 393,990 395,990 397,990 400,990 403,990 406,990 409,990 412,990 415,990 418,990 421,990 424,990 427,990 430,990 433,990 436,990 438,990 438,990 441,989 444,989 447,989 448,989 451,988 454,988 457,988 460,987 463,987 465,987 468,986 471,986 472,986 475,985 478,985 481,984 483,984 486,983 488,983 491,982 492,982 495,981 496,981 499,980 501,980 505,979 509,978 512,977 515,976 518,975 521,974 524,973 527,972 529,971 532,970 534,969 537,968 539,967 541,966 543,965 545,964 547,963 549,962 551,961 553,960 555,959 557,958 559,957 559,957 560,956 562,955 564,954 564,954 565,953 567,952 567,952 568,951 570,950 570,950 571,949 573,948 573,948 574,947 574,947 575,946 577,945 577,945 578,944 578,944 579,943 581,942 581,942 582,941 582,941 583,940 583,940 584,939 584,939 585,938 587,937 587,937 588,936 589,935 590,934 591,933 592,932 593,931 594,930 595,929 596,928 597,927 598,926 599,925 600,924 601,923 602,922 603,921 604,920 605,919 605,919 604,920 603,921 602,922 601,923 600,924 599,925 598,926 597,927 596,928 595,929 594,930 593,931 592,932 591,933 590,934 589,935 588,936 586,937 585,938 "
      id = "44" />
<path  style="fill:none;stroke:#000000;stroke-width:2;stroke-opacity:1"
       d="M 580,942 579,943 576,945 575,946 572,948 571,949 569,950 568,951 566,952 565,953 563,954 562,955 561,955 560,956 558,957 557,958 556,958 555,959 554,959 553,960 552,960 551,961 550,961 549,962 548,962 547,963 546,963 545,964 544,964 543,965 542,965 541,966 540,966 539,967 538,967 537,968 536,968 535,968 534,969 533,969 532,970 531,970 530,970 529,971 528,971 527,972 526,972 525,972 524,973 523,973 522,973 521,974 520,974 519,974 518,975 517,975 516,975 515,976 514,976 513,976 512,977 511,977 510,977 509,978 508,978 507,978 506,978 505,979 504,979 503,979 502,979 501,980 500,980 498,980 497,980 496,981 494,981 493,981 492,982 490,982 489,982 488,983 487,983 485,983 484,983 483,984 482,984 480,984 479,984 478,985 477,985 476,985 474,985 473,985 472,986 470,986 469,986 467,986 466,986 465,987 464,987 462,987 461,987 459,987 458,987 457,988 456,988 455,988 453,988 452,988 450,988 449,988 448,989 446,989 445,989 443,989 442,989 440,989 439,989 437,990 435,990 434,990 432,990 431,990 429,990 428,990 426,990 425,990 423,990 422,990 420,990 419,990 417,990 416,990 414,990 413,990 411,990 410,990 408,990 407,990 405,990 404,990 402,990 401,990 399,990 398,990 396,990 394,990 392,990 391,990 390,989 389,989 388,989 387,989 385,989 383,989 381,989 380,989 379,988 378,988 377,988 375,988 373,988 372,988 371,987 370,987 369,987 367,987 366,987 365,986 364,986 363,986 361,986 360,986 359,985 358,985 357,985 356,985 355,984 354,984 352,984 351,984 350,983 349,983 348,983 347,983 346,982 345,982 344,982 343,981 342,981 341,981 340,981 339,980 338,980 337,980 336,979 335,979 334,979 333,978 332,978 331,978 330,977 329,977 328,977 327,976 326,976 325,976 324,975 323,975 322,975 321,974 320,974 319,973 318,973 317,972 316,972 315,972 314,971 313,971 312,970 311,970 310,969 309,969 308,969 307,968 306,968 305,967 304,967 303,966 302,966 301,965 300,965 299,964 298,964 297,963 296,963 295,962 294,962 293,961 292,961 291,960 290,960 289,959 288,959 287,958 286,958 285,957 284,957 283,956 283,956 282,955 281,955 280,954 279,954 278,953 277,953 276,952 275,952 274,951 273,951 272,950 272,950 271,949 270,949 269,948 268,948 267,947 266,947 265,946 265,946 264,945 263,945 262,944 262,944 261,943 260,943 259,942 259,942 258,941 257,941 256,940 255,940 255,940 254,939 253,938 253,938 252,937 251,937 250,936 250,936 249,935 248,935 247,934 246,933 246,933 245,932 244,932 243,931 242,930 242,930 241,929 240,929 239,928 239,928 238,927 237,927 236,926 235,925 235,925 234,924 233,924 232,923 231,922 231,922 230,921 229,920 229,920 228,919 227,919 226,918 225,917 225,917 224,916 223,915 223,915 222,914 221,913 220,913 219,912 218,911 218,911 217,910 216,909 216,909 215,908 214,907 214,907 213,906 212,905 212,905 211,904 210,903 210,903 209,902 208,901 208,901 207,900 206,899 206,899 205,898 205,897 204,896 203,895 203,895 202,894 201,893 201,893 200,892 199,891 199,891 198,890 197,889 197,889 196,888 196,887 195,886 194,885 194,885 193,884 193,883 192,882 191,881 191,881 190,880 190,879 189,878 189,878 188,877 188,876 187,875 187,875 186,874 186,873 185,872 185,872 184,871 184,870 183,869 183,869 182,868 182,867 181,866 181,865 180,864 180,864 179,863 179,862 178,861 178,860 177,859 177,858 176,857 176,856 175,855 175,854 174,853 174,852 173,851 173,850 172,849 172,848 171,847 171,846 170,845 170,844 169,843 169,842 168,841 168,840 167,838 167,838 166,836 166,836 166,834 165,833 165,832 164,831 164,830 163,828 163,828 162,826 162,826 161,824 161,824 161,822 160,821 160,820 159,819 159,818 158,816 158,816 158,814 157,813 157,812 156,811 156,810 155,808 155,808 155,806 154,805 154,804 153,802 153,802 153,800 152,799 152,798 151,796 151,796 151,794 150,793 150,791 149,790 149,788 148,787 148,785 147,784 147,782 146,781 146,779 145,778 145,777 145,775 144,774 144,773 144,771 143,770 143,769 143,767 142,766 142,765 142,763 141,762 141,761 141,759 140,758 140,756 140,754 139,753 139,751 139,749 138,748 138,747 137,743 "
      id = "45" />
<path  style="fill:none;stroke:#000000;stroke-width:2;stroke-opacity:1"
       d="M 148,595 148,594 148,593 148,592 148,591 148,591 149,590 149,589 149,588 149,587 149,586 149,586 150,585 150,584 150,583 150,583 151,582 151,581 151,581 152,580 152,579 152,578 152,578 153,577 153,576 153,576 154,575 154,574 154,573 154,573 155,572 155,571 155,571 156,570 156,569 156,569 157,568 157,567 157,566 157,566 158,565 158,564 158,563 158,563 159,562 159,561 159,560 159,560 160,559 160,558 160,557 160,557 161,556 161,555 161,554 161,554 162,553 162,552 162,552 163,551 163,550 163,549 163,549 164,548 164,547 164,547 165,546 165,545 165,545 166,544 166,543 166,543 167,542 167,541 167,541 168,540 168,539 168,539 169,538 169,538 170,537 170,536 170,536 171,535 171,534 171,534 172,533 172,532 172,532 173,531 173,531 174,530 174,529 174,529 175,528 175,528 176,527 176,526 176,526 177,525 178,524 178,523 179,522 180,521 180,520 181,519 182,518 182,517 183,516 183,515 184,514 185,513 185,512 186,511 187,510 187,509 188,508 188,507 189,506 189,505 190,504 191,503 191,502 192,501 192,500 193,499 194,498 194,497 195,496 195,495 196,494 197,493 197,492 198,491 199,490 199,489 200,488 201,487 201,486 202,485 203,484 203,483 204,482 205,481 206,480 206,479 207,478 208,477 209,476 209,475 210,474 211,473 212,472 213,471 214,470 215,469 216,468 217,467 218,466 219,465 221,464 222,463 224,462 225,462 227,461 228,461 229,461 230,461 231,461 233,460 233,459 233,458 233,457 233,456 233,455 233,454 233,453 233,452 233,451 234,449 234,448 234,447 234,446 234,445 234,443 234,441 235,439 235,437 235,435 235,433 236,431 236,429 236,427 237,425 237,423 237,421 238,419 238,417 239,415 239,413 240,411 240,409 240,407 241,405 241,403 241,401 241,399 242,397 242,395 242,393 242,391 242,389 242,387 243,384 243,382 243,380 243,378 243,376 244,374 244,372 244,370 244,368 245,366 245,364 245,362 246,360 246,358 246,356 247,354 247,352 248,349 248,347 248,345 249,342 249,339 250,336 251,333 252,330 252,327 252,324 253,321 253,318 253,315 254,312 255,309 256,306 257,304 259,301 261,299 263,297 264,295 267,293 269,291 270,290 273,288 275,287 277,286 280,285 283,284 284,284 285,284 286,284 289,283 290,283 291,283 292,283 293,283 296,282 299,281 302,279 304,276 306,273 308,270 310,268 312,265 314,263 316,261 319,258 322,255 324,252 326,250 329,248 332,245 334,243 337,241 340,238 343,235 346,233 349,230 352,228 355,225 358,222 361,220 364,217 366,215 369,213 373,210 375,208 379,205 383,202 387,199 390,196 393,193 397,190 400,187 403,184 407,181 411,178 414,176 "
      id = "46" />
<path  style="fill:none;stroke:#000000;stroke-width:2;stroke-opacity:1"
       d="M 424,172 427,171 424,172 "
      id = "47" />
<path  style="fill:none;stroke:#000000;stroke-width:2;stroke-opacity:1"
       d="M 437,167 440,166 444,165 447,165 450,165 453,164 456,164 456,164 459,165 462,165 465,165 468,166 469,166 472,167 475,167 476,167 479,168 482,168 485,168 489,167 492,167 "
      id = "48" />
<path  style="fill:none;stroke:#000000;stroke-width:2;stroke-opacity:1"
       d="M 498,166 502,166 498,166 "
      id = "49" />
<path  style="fill:none;stroke:#000000;stroke-width:2;stroke-opacity:1"
       d="M 508,165 512,166 514,166 517,167 519,168 519,168 520,169 522,170 522,170 523,171 525,172 525,172 526,173 526,173 527,174 527,174 528,175 528,175 529,176 529,176 530,177 530,177 531,178 531,178 532,179 532,179 532,180 533,181 533,181 534,182 534,182 534,183 535,184 535,184 535,185 535,186 536,187 536,187 536,188 536,189 537,190 537,190 537,191 537,192 537,193 538,194 538,194 538,195 538,196 538,197 539,198 539,198 539,199 539,200 540,201 540,201 540,202 540,203 540,204 540,205 540,206 541,207 541,207 541,208 541,209 541,210 541,211 541,212 542,213 542,213 542,214 542,215 542,216 542,217 542,218 542,219 542,220 543,221 543,221 543,222 543,223 543,224 544,225 544,225 544,226 544,227 545,228 545,228 545,229 545,230 546,231 546,231 546,232 546,233 547,234 547,234 547,235 547,236 547,237 548,238 548,238 548,239 548,240 549,241 549,241 549,242 549,243 549,244 550,245 550,245 550,246 550,247 550,248 550,249 550,250 551,251 551,251 551,252 551,253 551,254 551,255 551,256 551,257 551,258 551,259 552,260 552,260 552,261 552,262 552,263 552,264 552,265 552,266 552,267 553,268 553,268 553,269 553,270 553,271 553,272 553,273 554,274 554,274 554,275 554,276 554,277 554,278 554,279 554,280 554,281 554,282 554,283 555,284 555,284 555,285 555,286 555,287 555,288 555,289 555,290 555,291 555,292 555,293 555,294 555,295 555,296 555,297 555,298 555,299 555,300 555,301 555,302 555,303 555,303 554,304 554,305 554,306 554,307 554,308 554,309 554,310 554,311 554,312 554,313 554,314 554,315 554,316 554,317 554,318 554,319 554,320 555,321 555,321 555,322 555,323 555,324 555,325 555,326 555,327 555,328 556,329 556,329 556,330 556,331 556,332 557,333 557,333 557,334 557,335 557,336 557,337 558,338 558,338 558,339 558,340 558,341 559,342 559,342 559,343 559,344 560,345 560,345 560,346 561,347 561,347 561,348 561,349 562,350 562,350 562,351 563,352 563,352 563,353 563,354 564,355 564,355 564,356 564,357 565,358 565,358 565,359 566,360 566,360 566,361 566,362 567,363 567,363 567,364 568,365 568,365 568,366 569,367 569,367 569,368 569,369 570,370 570,370 570,371 570,372 571,373 571,373 572,375 572,375 572,376 571,374 572,377 573,378 573,378 573,379 574,381 574,381 574,382 573,380 574,383 575,384 575,384 575,385 576,387 576,387 576,388 577,390 580,392 581,393 582,394 583,395 583,395 584,397 584,397 585,399 585,399 585,400 586,402 586,402 586,403 586,404 586,405 586,406 586,407 586,408 586,409 586,410 586,411 586,412 586,413 586,414 586,415 586,416 586,417 586,418 586,419 586,420 586,421 587,423 587,423 587,424 588,426 588,426 588,427 588,428 589,430 589,430 589,431 590,433 590,433 590,434 591,436 591,436 591,437 591,438 592,440 592,440 592,441 592,442 593,444 593,444 593,445 593,446 594,448 594,448 594,449 594,450 594,451 595,453 595,453 596,455 598,457 600,459 602,460 605,462 608,464 610,466 612,468 614,470 616,472 617,473 617,473 618,475 618,475 619,477 620,478 620,478 621,480 621,480 622,482 623,483 623,483 624,485 625,487 626,488 627,490 629,492 630,493 631,495 632,496 633,498 635,500 636,502 637,504 638,505 639,507 640,509 641,511 643,514 644,516 645,518 646,520 647,522 647,522 647,523 648,525 649,527 649,527 649,528 "
      id = "50" />
<path  style="fill:none;stroke:#000000;stroke-width:2;stroke-opacity:1"
       d="M 656,532 660,532 664,534 668,536 669,537 671,540 672,541 674,544 675,546 675,546 675,547 676,549 676,549 676,550 677,552 677,552 677,553 677,554 677,555 677,556 677,557 678,559 678,559 678,560 678,561 678,562 678,563 679,566 679,566 679,567 679,568 679,569 680,572 680,572 680,573 680,574 680,575 680,576 680,577 680,578 680,579 680,580 681,583 681,583 681,584 681,585 681,586 681,587 681,588 681,589 681,590 681,591 681,592 681,593 681,594 681,595 681,595 680,596 680,597 680,598 680,599 680,600 680,601 680,602 680,603 680,604 680,605 680,605 679,606 679,607 679,608 679,609 679,610 679,610 678,611 678,612 678,613 678,614 678,614 677,615 677,616 677,617 677,618 677,619 677,619 676,620 676,621 676,622 676,623 676,623 675,624 675,625 675,626 675,627 675,627 674,628 674,629 674,630 674,631 674,632 674,632 673,633 673,634 673,635 673,636 673,636 672,637 672,638 672,639 672,640 672,640 671,641 671,642 671,643 671,644 671,644 670,645 670,646 670,647 670,647 669,648 669,649 669,650 669,650 668,651 668,652 668,653 668,653 667,654 667,655 667,656 667,657 667,657 666,658 666,659 666,660 666,661 666,661 665,662 665,663 665,664 665,665 665,665 664,666 664,667 664,668 664,669 664,669 663,670 663,671 663,672 663,673 663,673 662,674 662,675 662,676 662,677 662,678 662,678 661,679 661,680 661,681 661,682 661,683 661,684 661,685 661,686 661,686 660,687 660,688 660,689 660,690 660,691 660,692 660,693 660,694 660,695 661,699 661,700 661,701 661,702 662,706 662,707 663,711 663,712 664,716 664,717 664,718 664,719 664,720 664,720 663,721 663,722 663,723 663,724 663,725 663,726 663,726 662,727 662,728 662,729 662,730 662,731 662,731 661,732 661,733 661,734 661,735 661,735 660,736 660,737 660,738 660,739 660,740 660,741 660,741 659,742 659,743 659,744 659,745 659,745 658,746 658,747 658,749 658,749 658,748 657,750 657,752 657,752 657,751 656,753 656,755 656,755 656,754 655,756 655,758 655,758 655,757 654,759 654,761 654,761 654,760 653,762 653,764 653,764 653,763 652,765 652,767 652,767 652,766 651,768 651,770 651,771 651,771 650,773 650,774 650,774 649,776 649,777 649,777 648,779 648,780 648,780 647,782 647,784 647,784 647,783 646,785 646,787 646,788 646,788 645,790 645,792 645,793 645,793 644,795 644,797 644,799 644,800 644,800 643,802 643,804 643,806 643,808 643,810 643,812 643,814 643,815 643,815 642,817 642,819 642,821 642,823 642,825 642,827 642,827 642,826 641,828 641,830 641,832 641,834 641,835 641,835 640,837 640,839 640,841 640,843 640,843 639,845 639,847 639,848 639,848 638,851 638,853 638,853 637,856 637,857 637,857 636,860 636,861 636,861 635,864 635,864 634,867 634,868 634,868 633,870 633,870 632,873 632,873 631,876 631,876 630,878 630,878 629,881 629,881 628,883 628,883 627,885 627,885 626,888 626,888 625,890 625,890 624,892 624,892 623,893 623,893 622,895 622,895 621,897 621,897 620,898 620,898 619,900 619,900 618,901 618,901 617,903 617,903 616,904 616,904 615,906 615,906 614,907 614,907 613,908 613,908 612,910 612,910 611,911 611,911 610,912 610,912 609,914 609,914 608,915 608,915 607,916 607,916 606,917 606,917 605,918 "
      id = "51" />
<path  style="fill:none;stroke:#000000;stroke-width:2;stroke-opacity:1"
       d="M 609,913 612,909 615,905 617,902 619,899 621,896 622,894 624,891 625,889 626,887 626,886 627,884 628,882 629,880 629,879 630,877 631,875 631,874 632,872 632,871 633,869 634,866 634,865 635,863 635,862 636,859 636,858 637,855 637,854 638,852 638,850 638,849 639,846 639,844 640,842 640,840 640,838 640,836 641,833 641,831 641,829 "
      id = "52" />
<path  style="fill:none;stroke:#000000;stroke-width:2;stroke-opacity:1"
       d="M 642,824 642,822 642,820 642,818 642,816 643,813 643,811 643,809 643,807 643,805 643,803 643,801 644,798 644,796 644,794 645,791 645,789 646,786 "
      id = "53" />
<path  style="fill:none;stroke:#000000;stroke-width:2;stroke-opacity:1"
       d="M 647,781 648,778 649,775 650,772 651,769 "
      id = "54" />
<path  style="fill:none;stroke:#000000;stroke-width:2;stroke-opacity:1"
       d="M 664,716 663,715 663,714 663,713 663,711 662,710 662,709 662,708 662,706 661,705 661,704 661,703 661,699 660,698 660,697 660,696 "
      id = "55" />
<path  style="fill:none;stroke:#000000;stroke-width:2;stroke-opacity:1"
       d="M 676,551 675,548 674,545 674,544 673,543 673,543 672,542 672,541 671,540 670,539 670,539 669,538 669,537 668,536 667,536 666,535 666,535 665,535 664,534 663,534 662,533 662,533 661,533 660,532 659,532 658,532 657,532 656,532 655,533 654,533 653,533 653,533 652,534 651,534 650,533 650,532 650,531 650,531 649,530 649,529 648,526 648,525 647,524 646,521 646,520 645,519 645,518 644,517 644,516 643,515 643,514 642,513 642,513 641,512 641,511 640,510 640,509 639,508 639,507 638,506 638,505 637,504 636,503 636,502 635,501 635,500 634,499 634,499 633,498 632,497 632,496 631,495 630,494 630,493 629,492 628,491 628,491 627,490 626,489 626,488 625,487 624,486 624,485 623,484 622,482 621,481 620,479 619,477 618,476 617,474 616,472 615,471 615,471 614,470 613,469 613,469 612,468 611,467 611,467 610,466 609,465 609,465 608,464 607,464 606,463 606,463 605,462 604,462 603,461 603,461 602,460 601,460 600,459 599,458 599,458 598,457 597,457 596,456 596,455 595,454 594,452 "
      id = "56" />
<path  style="fill:none;stroke:#000000;stroke-width:2;stroke-opacity:1"
       d="M 593,447 592,443 591,439 590,435 589,432 588,429 587,425 586,422 "
      id = "57" />
<path  style="fill:none;stroke:#000000;stroke-width:2;stroke-opacity:1"
       d="M 585,401 584,398 583,396 582,394 581,393 580,392 579,392 578,392 577,390 577,391 576,389 575,386 "
      id = "58" />
<path  style="fill:none;stroke:#000000;stroke-width:2;stroke-opacity:1"
       d="M 524,172 523,171 521,170 520,169 518,168 517,167 516,167 515,167 514,166 513,166 511,166 510,166 509,166 508,165 508,165 507,166 506,166 505,166 504,166 503,166 501,166 500,166 499,166 498,166 497,167 496,167 495,167 494,167 493,167 491,167 490,167 489,167 488,168 487,168 486,168 484,168 483,168 481,168 480,168 478,168 477,168 476,167 474,167 473,167 471,167 470,167 469,166 467,166 466,166 465,165 464,165 463,165 461,165 460,165 458,165 457,165 455,164 454,164 453,164 452,165 451,165 449,165 448,165 446,165 445,165 444,165 443,166 442,166 441,166 440,166 439,167 438,167 437,167 436,168 435,168 435,168 434,169 433,169 432,169 431,170 430,170 430,170 429,171 428,171 427,171 426,172 425,172 424,172 423,173 422,173 422,173 421,174 420,174 419,174 418,175 417,175 417,175 416,176 415,176 414,176 413,177 413,177 412,178 411,178 410,179 410,179 409,180 408,180 408,180 407,181 406,182 406,182 405,183 404,183 404,183 403,184 402,185 402,185 401,186 401,186 400,187 399,188 399,188 398,189 398,189 397,190 396,191 396,191 395,192 394,192 394,192 393,193 392,194 392,194 391,195 391,195 390,196 389,197 389,197 388,198 388,198 387,199 386,200 386,200 385,201 384,201 384,201 383,202 382,203 382,203 381,204 381,204 380,205 379,205 378,206 378,206 377,207 377,207 376,208 375,208 374,209 374,209 373,210 372,211 372,211 371,212 370,212 370,212 369,213 368,214 368,214 367,215 366,215 365,216 365,216 364,217 363,218 363,218 362,219 362,219 361,220 360,221 360,221 359,222 358,222 357,223 357,223 356,224 356,224 355,225 354,226 354,226 353,227 353,227 352,228 351,229 351,229 350,230 349,230 348,231 348,231 347,232 347,232 346,233 345,234 345,234 344,235 343,235 342,236 342,236 341,237 341,237 340,238 339,239 339,239 338,240 338,240 337,241 336,242 336,242 335,243 334,243 333,244 333,244 332,245 331,246 331,246 330,247 330,247 329,248 328,249 328,249 327,250 326,250 325,251 325,251 324,252 323,253 323,253 323,254 322,255 321,256 321,256 320,257 320,257 319,258 318,259 318,259 317,260 317,260 316,261 315,262 315,262 314,263 313,264 313,264 312,265 311,266 311,266 311,267 310,268 309,269 309,269 308,270 308,271 307,272 307,272 306,273 306,274 305,275 305,275 304,276 304,277 303,278 303,278 302,279 301,280 301,280 300,281 299,281 298,282 297,282 296,282 295,283 294,283 289,283 288,284 287,284 283,284 282,285 281,285 280,285 279,286 278,286 277,286 276,287 275,287 274,288 273,288 272,289 272,289 271,290 270,290 269,291 268,292 268,292 267,293 266,294 266,294 265,295 264,295 264,296 263,297 262,298 262,298 261,299 260,300 260,300 259,301 259,302 258,303 258,303 257,304 257,305 256,306 256,307 255,308 255,308 254,310 254,310 254,311 254,313 253,314 253,314 253,316 253,317 253,319 253,320 253,322 252,323 252,323 252,325 252,326 252,328 252,329 251,331 251,331 251,332 251,334 250,335 250,335 250,337 250,338 249,339 249,340 249,341 249,343 248,344 248,344 248,346 248,348 247,350 247,350 247,351 247,353 246,355 246,355 246,357 246,359 245,361 245,361 245,363 245,365 244,367 244,367 244,369 244,371 244,373 243,375 243,375 243,377 243,379 243,381 243,383 242,385 242,385 242,386 242,388 242,390 242,392 242,394 242,396 241,398 241,398 241,400 241,402 241,404 240,406 240,406 240,408 240,410 239,412 239,412 239,414 239,416 238,417 238,418 238,420 237,421 237,422 237,424 236,426 236,426 236,428 236,430 235,432 235,432 235,434 235,436 235,438 235,440 234,441 234,442 234,444 "
      id = "59" />
<path  style="fill:none;stroke:#000000;stroke-width:2;stroke-opacity:1"
       d="M 232,461 227,461 226,462 224,462 223,463 222,463 221,464 220,465 219,465 218,466 217,467 216,468 215,469 214,470 213,471 212,472 211,473 210,474 209,475 208,477 207,478 206,479 205,481 204,482 203,483 202,485 201,486 200,488 199,489 198,491 197,492 196,494 195,495 194,497 193,499 192,500 191,502 190,504 189,505 188,507 187,509 186,511 185,512 184,514 183,515 182,517 181,519 180,520 179,522 178,523 "
      id = "60" />
<path  style="fill:none;stroke:#000000;stroke-width:2;stroke-opacity:1"
       d="M 612,536 612,535 612,534 612,533 612,532 612,531 612,530 612,529 612,528 612,527 612,526 612,525 613,524 614,525 614,525 615,525 616,526 616,526 617,527 617,527 618,528 618,528 619,529 619,529 620,530 620,530 621,531 621,531 622,532 622,532 623,533 623,533 624,534 624,534 625,535 625,535 626,536 626,537 626,537 627,538 627,538 628,539 628,539 629,540 629,540 630,541 630,541 631,542 631,542 632,543 631,544 630,544 630,544 629,545 628,545 628,545 627,546 626,546 625,546 624,546 623,546 622,546 621,546 620,546 619,546 618,546 617,546 616,545 616,545 615,545 614,545 613,544 613,543 613,542 613,541 613,540 613,539 613,539 612,538 612,536 "
      id = "61" />
<path  style="fill:none;stroke:#000000;stroke-width:2;stroke-opacity:1"
       d="M 76,76 788,76 788,1076 76,1076 76,76 "
      id = "62" />
</svg>
