<svg
   width="864"
   height = "1152"
   version="1.1"
   id="svg2"
   xmlns="http://www.w3.org/2000/svg"
   xmlns:svg="http://www.w3.org/2000/svg">
  <defs
     id="defs6" />

<path  style="fill:none;stroke:#000000;stroke-width:2;stroke-opacity:1"
       d="M 96,405.3333 96.16667,405.3333 96.33334,405.3333 96.5,405.3333 96.66667,405.3333 96.83334,405.3333 97,405.3333 97.16667,405.3333 97.33334,405.3333 97.5,405.3333 97.66667,405.3333 97.83334,405.3333 98,405.3333 98.16667,405.3333 98.33334,405.3333 98.5,405.3333 98.66667,405.3333 98.83334,405.3333 99,405.3333 99.16667,405.3333 99.33334,405.3333 99.5,405.3333 99.66667,405.3333 99.83334,405.3333 100,405.3333 100.1667,405.3333 100.3333,405.3333 100.5,405.3333 100.6667,405.3333 100.8333,405.3333 101,405.3333 101.1667,405.3333 101.3333,405.3333 101.5,405.3333 101.6667,405.3333 101.8333,405.3333 102,405.3333 102.1667,405.3333 102.3333,405.3333 102.5,405.3333 102.6667,405.3333 102.8333,405.3333 103,405.3333 103.1667,405.3333 103.3333,405.3333 103.5,405.3333 103.6667,405.3333 103.8333,405.3333 104,405.3333 104.1667,405.3333 104.3333,405.3333 104.5,405.3333 104.6667,405.3333 104.8333,405.3333 105,405.3333 105.1667,405.3333 105.3333,405.3333 105.5,405.3333 105.6667,405.3333 105.8333,405.3333 106,405.3333 106.1667,405.3333 106.3333,405.3333 106.5,405.3333 106.6667,405.3333 106.8333,405.3333 107,405.3333 107.1667,405.3333 107.3333,405.3333 107.5,405.3333 107.6667,405.3333 107.8333,405.3333 108,405.3333 108.1667,405.3333 108.3333,405.3333 108.5,405.3333 108.6667,405.3333 108.8333,405.3333 109,405.3333 109.1667,405.3333 109.3333,405.3333 109.5,405.3333 109.6667,405.3333 109.8333,405.3333 110,405.3333 110.1667,405.3333 110.3333,405.3333 110.5,405.3333 110.6667,405.3333 110.8333,405.3333 111,405.3333 111.1667,405.3333 111.3333,405.3333 111.5,405.3333 111.6667,405.3333 111.8333,405.3333 112,405.3333 112.1667,405.3333 112.3333,405.3333 112.5,405.3333 112.6667,405.3333 112.8333,405.3333 113,405.3333 113.1667,405.3333 113.3333,405.3333 113.5,405.3333 113.6667,405.3333 113.8333,405.3333 114,405.3333 114.1667,405.3333 114.3333,405.3333 114.5,405.3333 114.6667,405.3333 114.8333,405.3333 115,405.3333 115.1667,405.3333 115.3333,405.3333 115.5,405.3333 115.6667,405.3333 115.8333,405.3333 116,405.3333 116.1667,405.3333 116.3333,405.3333 116.5,405.3333 116.6667,405.3333 116.8333,405.3333 117,405.3333 117.1667,405.3333 117.3333,405.3333 117.5,405.3333 117.6667,405.3333 117.8333,405.3333 118,405.3333 118.1667,405.3333 118.3333,405.3333 118.5,405.3333 118.6667,405.3333 118.8333,405.3333 119,405.3333 119.1667,405.3333 119.3333,405.3333 119.5,405.3333 119.6667,405.3333 119.8333,405.3333 120,405.3333 120.1667,405.3333 120.3333,405.3333 120.5,405.3333 120.6667,405.3333 120.8333,405.3333 121,405.3333 121.1667,405.3333 121.3333,405.3333 121.5,405.3333 121.6667,405.3333 121.8333,405.3333 122,405.3333 122.1667,405.3333 122.3333,405.3333 122.5,405.3333 122.6667,405.3333 122.8333,405.3333 123,405.3333 123.1667,405.3333 123.3333,405.3333 123.5,405.3333 123.6667,405.3333 123.8333,405.3333 124,405.3333 124.1667,405.3333 "
      id = "0" />
<path  style="fill:none;stroke:#000000;stroke-width:2;stroke-opacity:1"
       d="M 95.83334,405.3333 95.66667,405.3333 95.5,405.3333 95.33334,405.3333 95.16667,405.3333 95,405.3333 94.83334,405.3333 94.66667,405.3333 94.5,405.3333 94.33334,405.3333 94.16667,405.3333 94,405.3333 93.83334,405.3333 93.66667,405.3333 93.5,405.3333 93.33334,405.3333 93.16667,405.3333 93,405.3333 92.83334,405.3333 92.66667,405.3333 92.5,405.3333 92.33334,405.3333 92.16667,405.3333 92,405.3333 91.83334,405.3333 91.66667,405.3333 91.5,405.3333 91.33334,405.3333 91.16667,405.3333 91,405.3333 90.83334,405.3333 90.66667,405.3333 90.5,405.3333 90.33334,405.3333 90.16667,405.3333 90,405.3333 89.83334,405.3333 89.66667,405.3333 89.5,405.3333 89.33334,405.3333 89.16667,405.3333 89,405.3333 88.83334,405.3333 88.66667,405.3333 88.5,405.3333 88.33334,405.3333 88.16667,405.3333 88,405.3333 87.83334,405.3333 87.66667,405.3333 87.5,405.3333 87.33334,405.3333 87.16667,405.3333 87,405.3333 86.83334,405.3333 86.66667,405.3333 86.5,405.3333 86.33334,405.3333 86.16667,405.3333 86,405.3333 85.83334,405.3333 85.66667,405.3333 85.5,405.3333 85.33334,405.3333 85.16667,405.3333 85,405.3333 84.83334,405.3333 84.66667,405.3333 84.5,405.3333 84.33334,405.3333 84.16667,405.3333 84,405.3333 83.83334,405.3333 83.66667,405.3333 83.5,405.3333 83.33334,405.3333 83.16667,405.3333 83,405.3333 82.83334,405.3333 82.66667,405.3333 82.5,405.3333 82.33334,405.3333 82.16667,405.3333 82,405.3333 81.83334,405.3333 81.66667,405.3333 81.5,405.3333 81.33334,405.3333 81.16667,405.3333 81,405.3333 80.83334,405.3333 80.66667,405.3333 80.5,405.3333 80.33334,405.3333 80.16667,405.3333 80,405.3333 79.83334,405.3333 79.66667,405.3333 79.5,405.3333 79.33334,405.3333 79.16667,405.3333 79,405.3333 78.83334,405.3333 78.66667,405.3333 78.5,405.3333 78.33334,405.3333 78.16667,405.3333 78,405.3333 77.83334,405.3333 77.66667,405.3333 77.5,405.3333 77.33334,405.3333 77.16667,405.3333 77,405.3333 76.83334,405.3333 76.66667,405.3333 76.5,405.3333 76.33334,405.3333 76.16667,405.3333 76,405.3333 75.83334,405.3333 75.66667,405.3333 75.5,405.3333 75.33334,405.3333 75.16667,405.3333 75,405.3333 74.83334,405.3333 74.66667,405.3333 74.5,405.3333 74.33334,405.3333 74.16667,405.3333 74,405.3333 73.83334,405.3333 73.66667,405.3333 73.5,405.3333 73.33334,405.3333 73.16667,405.3333 73,405.3333 72.83334,405.3333 72.66667,405.3333 72.5,405.3333 72.33334,405.3333 72.16667,405.3333 72,405.3333 71.83334,405.3333 71.66667,405.3333 71.5,405.3333 71.33334,405.3333 71.16667,405.3333 71,405.3333 70.83334,405.3333 70.66667,405.3333 70.5,405.3333 70.33334,405.3333 70.16667,405.3333 70,405.3333 69.83334,405.3333 69.66667,405.3333 69.5,405.3333 69.33334,405.3333 69.16667,405.3333 69,405.3333 68.83334,405.3333 68.66667,405.3333 68.5,405.3333 68.33334,405.3333 68.16667,405.3333 68,405.3333 67.83334,405.3333 "
      id = "1" />
<path  style="fill:none;stroke:#000000;stroke-width:2;stroke-opacity:1"
       d="M 151.8333,405.3333 152,405.3333 152.1667,405.3333 152.3333,405.3333 152.5,405.3333 152.6667,405.3333 152.8333,405.3333 153,405.3333 153.1667,405.3333 153.3333,405.3333 153.5,405.3333 153.6667,405.3333 153.8333,405.3333 "
      id = "2" />
<path  style="fill:none;stroke:#000000;stroke-width:2;stroke-opacity:1"
       d="M 151.6667,405.3333 151.5,405.3333 151.3333,405.3333 151.1667,405.3333 151,405.3333 150.8333,405.3333 150.6667,405.3333 150.5,405.3333 150.3333,405.3333 150.1667,405.3333 150,405.3333 "
      id = "3" />
<path  style="fill:none;stroke:#000000;stroke-width:2;stroke-opacity:1"
       d="M 192,405.3333 192.1667,405.3333 192.3333,405.3333 192.5,405.3333 192.6667,405.3333 192.8333,405.3333 193,405.3333 193.1667,405.3333 193.3333,405.3333 193.5,405.3333 193.6667,405.3333 193.8333,405.3333 194,405.3333 194.1667,405.3333 194.3333,405.3333 194.5,405.3333 194.6667,405.3333 194.8333,405.3333 195,405.3333 195.1667,405.3333 195.3333,405.3333 195.5,405.3333 195.6667,405.3333 195.8333,405.3333 196,405.3333 196.1667,405.3333 196.3333,405.3333 196.5,405.3333 196.6667,405.3333 196.8333,405.3333 197,405.3333 197.1667,405.3333 197.3333,405.3333 197.5,405.3333 197.6667,405.3333 197.8333,405.3333 198,405.3333 198.1667,405.3333 198.3333,405.3333 198.5,405.3333 198.6667,405.3333 198.8333,405.3333 199,405.3333 199.1667,405.3333 199.3333,405.3333 199.5,405.3333 199.6667,405.3333 199.8333,405.3333 200,405.3333 200.1667,405.3333 200.3333,405.3333 200.5,405.3333 200.6667,405.3333 200.8333,405.3333 201,405.3333 201.1667,405.3333 201.3333,405.3333 201.5,405.3333 201.6667,405.3333 201.8333,405.3333 202,405.3333 202.1667,405.3333 202.3333,405.3333 202.5,405.3333 202.6667,405.3333 202.8333,405.3333 203,405.3333 203.1667,405.3333 203.3333,405.3333 203.5,405.3333 203.6667,405.3333 203.8333,405.3333 204,405.3333 204.1667,405.3333 204.3333,405.3333 204.5,405.3333 204.6667,405.3333 204.8333,405.3333 205,405.3333 205.1667,405.3333 205.3333,405.3333 205.5,405.3333 205.6667,405.3333 205.8333,405.3333 "
      id = "4" />
<path  style="fill:none;stroke:#000000;stroke-width:2;stroke-opacity:1"
       d="M 191.8333,405.3333 191.6667,405.3333 191.5,405.3333 191.3333,405.3333 191.1667,405.3333 191,405.3333 190.8333,405.3333 190.6667,405.3333 190.5,405.3333 190.3333,405.3333 190.1667,405.3333 190,405.3333 189.8333,405.3333 189.6667,405.3333 189.5,405.3333 189.3333,405.3333 189.1667,405.3333 189,405.3333 188.8333,405.3333 188.6667,405.3333 188.5,405.3333 188.3333,405.3333 188.1667,405.3333 188,405.3333 187.8333,405.3333 187.6667,405.3333 187.5,405.3333 187.3333,405.3333 187.1667,405.3333 187,405.3333 186.8333,405.3333 186.6667,405.3333 186.5,405.3333 186.3333,405.3333 186.1667,405.3333 186,405.3333 185.8333,405.3333 185.6667,405.3333 185.5,405.3333 185.3333,405.3333 185.1667,405.3333 185,405.3333 184.8333,405.3333 184.6667,405.3333 184.5,405.3333 184.3333,405.3333 184.1667,405.3333 184,405.3333 183.8333,405.3333 183.6667,405.3333 183.5,405.3333 183.3333,405.3333 183.1667,405.3333 183,405.3333 182.8333,405.3333 182.6667,405.3333 182.5,405.3333 182.3333,405.3333 182.1667,405.3333 182,405.3333 181.8333,405.3333 181.6667,405.3333 181.5,405.3333 181.3333,405.3333 181.1667,405.3333 181,405.3333 180.8333,405.3333 180.6667,405.3333 180.5,405.3333 180.3333,405.3333 180.1667,405.3333 180,405.3333 179.8333,405.3333 179.6667,405.3333 179.5,405.3333 179.3333,405.3333 179.1667,405.3333 179,405.3333 178.8333,405.3333 178.6667,405.3333 178.5,405.3333 178.3333,405.3333 178.1667,405.3333 "
      id = "5" />
<path  style="fill:none;stroke:#000000;stroke-width:2;stroke-opacity:1"
       d="M 232,405.3333 232.1667,405.3333 232.3333,405.3333 232.5,405.3333 232.6667,405.3333 232.8333,405.3333 233,405.3333 233.1667,405.3333 233.3333,405.3333 233.5,405.3333 233.6667,405.3333 233.8333,405.3333 234,405.3333 "
      id = "6" />
<path  style="fill:none;stroke:#000000;stroke-width:2;stroke-opacity:1"
       d="M 231.8333,405.3333 231.6667,405.3333 231.5,405.3333 231.3333,405.3333 231.1667,405.3333 231,405.3333 230.8333,405.3333 230.6667,405.3333 230.5,405.3333 230.3333,405.3333 230.1667,405.3333 "
      id = "7" />
<path  style="fill:none;stroke:#000000;stroke-width:2;stroke-opacity:1"
       d="M 254.6667,405.3333 254.8333,405.3333 255,405.3333 255.1667,405.3333 255.3333,405.3333 255.5,405.3333 255.6667,405.3333 255.8333,405.3333 256,405.3333 256.1667,405.3333 256.3333,405.3333 256.5,405.3333 256.6667,405.3333 256.8333,405.3333 257,405.3333 257.1667,405.3333 257.3333,405.3333 257.5,405.3333 257.6667,405.3333 257.8333,405.3333 258,405.3333 258.1667,405.3333 258.3333,405.3333 258.5,405.3333 258.6667,405.3333 258.8333,405.3333 259,405.3333 259.1667,405.3333 259.3333,405.3333 259.5,405.3333 259.6667,405.3333 259.8333,405.3333 260,405.3333 260.1667,405.3333 260.3333,405.3333 260.5,405.3333 260.6667,405.3333 260.8333,405.3333 261,405.3333 261.1667,405.3333 261.3333,405.3333 261.5,405.3333 261.6667,405.3333 261.8333,405.3333 262,405.3333 262.1667,405.3333 262.3333,405.3333 262.5,405.3333 262.6667,405.3333 262.8333,405.3333 263,405.3333 263.1667,405.3333 263.3333,405.3333 "
      id = "8" />
<path  style="fill:none;stroke:#000000;stroke-width:2;stroke-opacity:1"
       d="M 254.5,405.3333 254.3333,405.3333 254.1667,405.3333 254,405.3333 253.8333,405.3333 253.6667,405.3333 253.5,405.3333 253.3333,405.3333 253.1667,405.3333 253,405.3333 252.8333,405.3333 252.6667,405.3333 252.5,405.3333 252.3333,405.3333 252.1667,405.3333 252,405.3333 251.8333,405.3333 251.6667,405.3333 251.5,405.3333 251.3333,405.3333 251.1667,405.3333 251,405.3333 250.8333,405.3333 250.6667,405.3333 250.5,405.3333 250.3333,405.3333 250.1667,405.3333 250,405.3333 249.8333,405.3333 249.6667,405.3333 249.5,405.3333 249.3333,405.3333 249.1667,405.3333 249,405.3333 248.8333,405.3333 248.6667,405.3333 248.5,405.3333 248.3333,405.3333 248.1667,405.3333 248,405.3333 247.8333,405.3333 247.6667,405.3333 247.5,405.3333 247.3333,405.3333 247.1667,405.3333 247,405.3333 246.8333,405.3333 246.6667,405.3333 246.5,405.3333 246.3333,405.3333 246.1667,405.3333 246,405.3333 "
      id = "9" />
<path  style="fill:none;stroke:#000000;stroke-width:2;stroke-opacity:1"
       d="M 320.5,405.3333 320.6667,405.3333 320.8333,405.3333 321,405.3333 321.1667,405.3333 321.3333,405.3333 321.5,405.3333 321.6667,405.3333 321.8333,405.3333 322,405.3333 322.1667,405.3333 322.3333,405.3333 322.5,405.3333 322.6667,405.3333 322.8333,405.3333 323,405.3333 323.1667,405.3333 323.3333,405.3333 323.5,405.3333 323.6667,405.3333 323.8333,405.3333 324,405.3333 324.1667,405.3333 324.3333,405.3333 324.5,405.3333 324.6667,405.3333 324.8333,405.3333 325,405.3333 325.1667,405.3333 325.3333,405.3333 325.5,405.3333 325.6667,405.3333 325.8333,405.3333 326,405.3333 326.1667,405.3333 326.3333,405.3333 326.5,405.3333 326.6667,405.3333 326.8333,405.3333 327,405.3333 327.1667,405.3333 327.3333,405.3333 327.5,405.3333 327.6667,405.3333 327.8333,405.3333 328,405.3333 328.1667,405.3333 328.3333,405.3333 328.5,405.3333 328.6667,405.3333 328.8333,405.3333 329,405.3333 329.1667,405.3333 329.3333,405.3333 329.5,405.3333 329.6667,405.3333 329.8333,405.3333 330,405.3333 "
      id = "10" />
<path  style="fill:none;stroke:#000000;stroke-width:2;stroke-opacity:1"
       d="M 320.3333,405.3333 320.1667,405.3333 320,405.3333 319.8333,405.3333 319.6667,405.3333 319.5,405.3333 319.3333,405.3333 319.1667,405.3333 319,405.3333 318.8333,405.3333 318.6667,405.3333 318.5,405.3333 318.3333,405.3333 318.1667,405.3333 318,405.3333 317.8333,405.3333 317.6667,405.3333 317.5,405.3333 317.3333,405.3333 317.1667,405.3333 317,405.3333 316.8333,405.3333 316.6667,405.3333 316.5,405.3333 316.3333,405.3333 316.1667,405.3333 316,405.3333 315.8333,405.3333 315.6667,405.3333 315.5,405.3333 315.3333,405.3333 315.1667,405.3333 315,405.3333 314.8333,405.3333 314.6667,405.3333 314.5,405.3333 314.3333,405.3333 314.1667,405.3333 314,405.3333 313.8333,405.3333 313.6667,405.3333 313.5,405.3333 313.3333,405.3333 313.1667,405.3333 313,405.3333 312.8333,405.3333 312.6667,405.3333 312.5,405.3333 312.3333,405.3333 312.1667,405.3333 312,405.3333 311.8333,405.3333 311.6667,405.3333 311.5,405.3333 311.3333,405.3333 311.1667,405.3333 "
      id = "11" />
<path  style="fill:none;stroke:#000000;stroke-width:2;stroke-opacity:1"
       d="M 344,405.3333 344.1667,405.3333 344.3333,405.3333 344.5,405.3333 344.6667,405.3333 344.8333,405.3333 "
      id = "12" />
<path  style="fill:none;stroke:#000000;stroke-width:2;stroke-opacity:1"
       d="M 343.8333,405.3333 343.6667,405.3333 343.5,405.3333 343.3333,405.3333 343.8333,405.3333 "
      id = "13" />
<path  style="fill:none;stroke:#000000;stroke-width:2;stroke-opacity:1"
       d="M 364.8333,405.3333 365,405.3333 365.1667,405.3333 365.3333,405.3333 365.5,405.3333 365.6667,405.3333 365.8333,405.3333 366,405.3333 366.1667,405.3333 366.3333,405.3333 366.5,405.3333 366.6667,405.3333 366.8333,405.3333 367,405.3333 367.1667,405.3333 367.3333,405.3333 367.5,405.3333 367.6667,405.3333 367.8333,405.3333 368,405.3333 368.1667,405.3333 368.3333,405.3333 368.5,405.3333 368.6667,405.3333 368.8333,405.3333 369,405.3333 369.1667,405.3333 369.3333,405.3333 369.5,405.3333 369.6667,405.3333 369.8333,405.3333 370,405.3333 370.1667,405.3333 370.3333,405.3333 370.5,405.3333 370.6667,405.3333 370.8333,405.3333 371,405.3333 371.1667,405.3333 371.3333,405.3333 371.5,405.3333 371.6667,405.3333 371.8333,405.3333 372,405.3333 372.1667,405.3333 372.3333,405.3333 372.5,405.3333 372.6667,405.3333 372.8333,405.3333 373,405.3333 373.1667,405.3333 373.3333,405.3333 373.5,405.3333 373.6667,405.3333 373.8333,405.3333 374,405.3333 374.1667,405.3333 374.3333,405.3333 374.5,405.3333 "
      id = "14" />
<path  style="fill:none;stroke:#000000;stroke-width:2;stroke-opacity:1"
       d="M 364.6667,405.3333 364.5,405.3333 364.3333,405.3333 364.1667,405.3333 364,405.3333 363.8333,405.3333 363.6667,405.3333 363.5,405.3333 363.3333,405.3333 363.1667,405.3333 363,405.3333 362.8333,405.3333 362.6667,405.3333 362.5,405.3333 362.3333,405.3333 362.1667,405.3333 362,405.3333 361.8333,405.3333 361.6667,405.3333 361.5,405.3333 361.3333,405.3333 361.1667,405.3333 361,405.3333 360.8333,405.3333 360.6667,405.3333 360.5,405.3333 360.3333,405.3333 360.1667,405.3333 360,405.3333 359.8333,405.3333 359.6667,405.3333 359.5,405.3333 359.3333,405.3333 359.1667,405.3333 359,405.3333 358.8333,405.3333 358.6667,405.3333 358.5,405.3333 358.3333,405.3333 358.1667,405.3333 358,405.3333 357.8333,405.3333 357.6667,405.3333 357.5,405.3333 357.3333,405.3333 357.1667,405.3333 357,405.3333 356.8333,405.3333 356.6667,405.3333 356.5,405.3333 356.3333,405.3333 356.1667,405.3333 356,405.3333 355.8333,405.3333 355.6667,405.3333 355.5,405.3333 355.3333,405.3333 355.1667,405.3333 "
      id = "15" />
<path  style="fill:none;stroke:#000000;stroke-width:2;stroke-opacity:1"
       d="M 385.6667,405.3333 385.8333,405.3333 386,405.3333 386.1667,405.3333 386.3333,405.3333 386.5,405.3333 386.6667,405.3333 386.8333,405.3333 387,405.3333 387.1667,405.3333 387.3333,405.3333 387.5,405.3333 387.6667,405.3333 387.8333,405.3333 388,405.3333 388.1667,405.3333 388.3333,405.3333 388.5,405.3333 388.6667,405.3333 388.8333,405.3333 389,405.3333 389.1667,405.3333 389.3333,405.3333 389.5,405.3333 389.6667,405.3333 389.8333,405.3333 390,405.3333 390.1667,405.3333 390.3333,405.3333 390.5,405.3333 390.6667,405.3333 390.8333,405.3333 391,405.3333 391.1667,405.3333 391.3333,405.3333 391.5,405.3333 391.6667,405.3333 391.8333,405.3333 392,405.3333 392.1667,405.3333 392.3333,405.3333 392.5,405.3333 392.6667,405.3333 392.8333,405.3333 393,405.3333 393.1667,405.3333 393.3333,405.3333 393.5,405.3333 393.6667,405.3333 393.8333,405.3333 394,405.3333 "
      id = "16" />
<path  style="fill:none;stroke:#000000;stroke-width:2;stroke-opacity:1"
       d="M 385.5,405.3333 385.3333,405.3333 385.1667,405.3333 385,405.3333 384.8333,405.3333 384.6667,405.3333 384.5,405.3333 384.3333,405.3333 384.1667,405.3333 384,405.3333 383.8333,405.3333 383.6667,405.3333 383.5,405.3333 383.3333,405.3333 383.1667,405.3333 383,405.3333 382.8333,405.3333 382.6667,405.3333 382.5,405.3333 382.3333,405.3333 382.1667,405.3333 382,405.3333 381.8333,405.3333 381.6667,405.3333 381.5,405.3333 381.3333,405.3333 381.1667,405.3333 381,405.3333 380.8333,405.3333 380.6667,405.3333 380.5,405.3333 380.3333,405.3333 380.1667,405.3333 380,405.3333 379.8333,405.3333 379.6667,405.3333 379.5,405.3333 379.3333,405.3333 379.1667,405.3333 379,405.3333 378.8333,405.3333 378.6667,405.3333 378.5,405.3333 378.3333,405.3333 378.1667,405.3333 378,405.3333 377.8333,405.3333 377.6667,405.3333 377.5,405.3333 "
      id = "17" />
<path  style="fill:none;stroke:#000000;stroke-width:2;stroke-opacity:1"
       d="M 397.3333,405.3333 397.5,405.3333 397.6667,405.3333 397.8333,405.3333 398,405.3333 398.1667,405.3333 398.3333,405.3333 398.5,405.3333 398.6667,405.3333 398.8333,405.3333 399,405.3333 399.1667,405.3333 399.3333,405.3333 399.5,405.3333 399.6667,405.3333 399.8333,405.3333 400,405.3333 400.1667,405.3333 "
      id = "18" />
<path  style="fill:none;stroke:#000000;stroke-width:2;stroke-opacity:1"
       d="M 397.1667,405.3333 397,405.3333 396.8333,405.3333 396.6667,405.3333 396.5,405.3333 396.3333,405.3333 396.1667,405.3333 396,405.3333 395.8333,405.3333 395.6667,405.3333 395.5,405.3333 395.3333,405.3333 395.1667,405.3333 395,405.3333 394.8333,405.3333 394.6667,405.3333 "
      id = "19" />
<path  style="fill:none;stroke:#000000;stroke-width:2;stroke-opacity:1"
       d="M 404.5,405.3333 404.6667,405.3333 404.8333,405.3333 405,405.3333 405.1667,405.3333 405.3333,405.3333 405.5,405.3333 405.6667,405.3333 405.8333,405.3333 406,405.3333 406.1667,405.3333 406.3333,405.3333 406.5,405.3333 406.6667,405.3333 406.8333,405.3333 407,405.3333 407.1667,405.3333 407.3333,405.3333 "
      id = "20" />
<path  style="fill:none;stroke:#000000;stroke-width:2;stroke-opacity:1"
       d="M 404.3333,405.3333 404.1667,405.3333 404,405.3333 403.8333,405.3333 403.6667,405.3333 403.5,405.3333 403.3333,405.3333 403.1667,405.3333 403,405.3333 402.8333,405.3333 402.6667,405.3333 402.5,405.3333 402.3333,405.3333 402.1667,405.3333 402,405.3333 401.8333,405.3333 401.6667,405.3333 "
      id = "21" />
<path  style="fill:none;stroke:#000000;stroke-width:2;stroke-opacity:1"
       d="M 409,405.3333 409.1667,405.3333 409.3333,405.3333 409.5,405.3333 409.6667,405.3333 409.8333,405.3333 410,405.3333 "
      id = "22" />
<path  style="fill:none;stroke:#000000;stroke-width:2;stroke-opacity:1"
       d="M 408.8333,405.3333 408.6667,405.3333 408.5,405.3333 408.3333,405.3333 408.1667,405.3333 408,405.3333 "
      id = "23" />
<path  style="fill:none;stroke:#000000;stroke-width:2;stroke-opacity:1"
       d="M 443.3333,405.3333 443.5,405.3333 443.6667,405.3333 443.8333,405.3333 444,405.3333 444.1667,405.3333 444.3333,405.3333 444.5,405.3333 444.6667,405.3333 444.8333,405.3333 445,405.3333 "
      id = "24" />
<path  style="fill:none;stroke:#000000;stroke-width:2;stroke-opacity:1"
       d="M 443.1667,405.3333 443,405.3333 442.8333,405.3333 442.6667,405.3333 442.5,405.3333 442.3333,405.3333 442.1667,405.3333 442,405.3333 441.8333,405.3333 441.6667,405.3333 "
      id = "25" />
<path  style="fill:none;stroke:#000000;stroke-width:2;stroke-opacity:1"
       d="M 450.8333,405.3333 451,405.3333 451.1667,405.3333 451.3333,405.3333 450.6667,405.3333 450.5,405.3333 450.8333,405.3333 "
      id = "26" />
<path  style="fill:none;stroke:#000000;stroke-width:2;stroke-opacity:1"
       d="M 458.3333,405.3333 458.5,405.3333 458.6667,405.3333 458.8333,405.3333 459,405.3333 459.1667,405.3333 "
      id = "27" />
<path  style="fill:none;stroke:#000000;stroke-width:2;stroke-opacity:1"
       d="M 458.1667,405.3333 458,405.3333 457.8333,405.3333 457.6667,405.3333 457.5,405.3333 458.1667,405.3333 "
      id = "28" />
<path  style="fill:none;stroke:#000000;stroke-width:2;stroke-opacity:1"
       d="M 469.6667,405.3333 469.8333,405.3333 470,405.3333 470.1667,405.3333 470.3333,405.3333 470.5,405.3333 470.6667,405.3333 470.8333,405.3333 471,405.3333 471.1667,405.3333 471.3333,405.3333 471.5,405.3333 471.6667,405.3333 471.8333,405.3333 472,405.3333 472.1667,405.3333 472.3333,405.3333 472.5,405.3333 472.6667,405.3333 472.8333,405.3333 473,405.3333 473.1667,405.3333 473.3333,405.3333 473.5,405.3333 473.6667,405.3333 473.8333,405.3333 474,405.3333 "
      id = "29" />
<path  style="fill:none;stroke:#000000;stroke-width:2;stroke-opacity:1"
       d="M 469.5,405.3333 469.3333,405.3333 469.1667,405.3333 469,405.3333 468.8333,405.3333 468.6667,405.3333 468.5,405.3333 468.3333,405.3333 468.1667,405.3333 468,405.3333 467.8333,405.3333 467.6667,405.3333 467.5,405.3333 467.3333,405.3333 467.1667,405.3333 467,405.3333 466.8333,405.3333 466.6667,405.3333 466.5,405.3333 466.3333,405.3333 466.1667,405.3333 466,405.3333 465.8333,405.3333 465.6667,405.3333 465.5,405.3333 "
      id = "30" />
<path  style="fill:none;stroke:#000000;stroke-width:2;stroke-opacity:1"
       d="M 482,405.3333 482.1667,405.3333 482.3333,405.3333 482.5,405.3333 482.6667,405.3333 482.8333,405.3333 483,405.3333 483.1667,405.3333 483.3333,405.3333 483.5,405.3333 483.6667,405.3333 483.8333,405.3333 484,405.3333 484.1667,405.3333 484.3333,405.3333 484.5,405.3333 484.6667,405.3333 484.8333,405.3333 "
      id = "31" />
<path  style="fill:none;stroke:#000000;stroke-width:2;stroke-opacity:1"
       d="M 481.8333,405.3333 481.6667,405.3333 481.5,405.3333 481.3333,405.3333 481.1667,405.3333 481,405.3333 480.8333,405.3333 480.6667,405.3333 480.5,405.3333 480.3333,405.3333 480.1667,405.3333 480,405.3333 479.8333,405.3333 479.6667,405.3333 479.5,405.3333 479.3333,405.3333 479.1667,405.3333 "
      id = "32" />
<path  style="fill:none;stroke:#000000;stroke-width:2;stroke-opacity:1"
       d="M 490,405.3333 490.1667,405.3333 490.3333,405.3333 490.5,405.3333 490.6667,405.3333 490.8333,405.3333 491,405.3333 491.1667,405.3333 491.3333,405.3333 491.5,405.3333 491.6667,405.3333 "
      id = "33" />
<path  style="fill:none;stroke:#000000;stroke-width:2;stroke-opacity:1"
       d="M 489.8333,405.3333 489.6667,405.3333 489.5,405.3333 489.3333,405.3333 489.1667,405.3333 489,405.3333 488.8333,405.3333 488.6667,405.3333 488.5,405.3333 "
      id = "34" />
<path  style="fill:none;stroke:#000000;stroke-width:2;stroke-opacity:1"
       d="M 500.6667,405.3333 500.8333,405.3333 501,405.3333 501.1667,405.3333 501.3333,405.3333 501.5,405.3333 501.6667,405.3333 501.8333,405.3333 502,405.3333 502.1667,405.3333 502.3333,405.3333 502.5,405.3333 502.6667,405.3333 502.8333,405.3333 503,405.3333 503.1667,405.3333 503.3333,405.3333 503.5,405.3333 503.6667,405.3333 "
      id = "35" />
<path  style="fill:none;stroke:#000000;stroke-width:2;stroke-opacity:1"
       d="M 500.5,405.3333 500.3333,405.3333 500.1667,405.3333 500,405.3333 499.8333,405.3333 499.6667,405.3333 499.5,405.3333 499.3333,405.3333 499.1667,405.3333 499,405.3333 498.8333,405.3333 498.6667,405.3333 498.5,405.3333 498.3333,405.3333 498.1667,405.3333 498,405.3333 497.8333,405.3333 497.6667,405.3333 "
      id = "36" />
<path  style="fill:none;stroke:#000000;stroke-width:2;stroke-opacity:1"
       d="M 518.6667,405.3333 518.8334,405.3333 519,405.3333 519.1667,405.3333 519.3334,405.3333 519.5,405.3333 519.6667,405.3333 519.8334,405.3333 520,405.3333 520.1667,405.3333 520.3334,405.3333 "
      id = "37" />
<path  style="fill:none;stroke:#000000;stroke-width:2;stroke-opacity:1"
       d="M 518.5,405.3333 518.3334,405.3333 518.1667,405.3333 518,405.3333 517.8334,405.3333 517.6667,405.3333 517.5,405.3333 517.3334,405.3333 517.1667,405.3333 "
      id = "38" />
<path  style="fill:none;stroke:#000000;stroke-width:2;stroke-opacity:1"
       d="M 538,405.3333 538.1667,405.3333 538.3334,405.3333 538.5,405.3333 538.6667,405.3333 538.8334,405.3333 539,405.3333 539.1667,405.3333 539.3334,405.3333 539.5,405.3333 539.6667,405.3333 539.8334,405.3333 540,405.3333 540.1667,405.3333 540.3334,405.3333 540.5,405.3333 540.6667,405.3333 540.8334,405.3333 541,405.3333 541.1667,405.3333 541.3334,405.3333 541.5,405.3333 541.6667,405.3333 541.8334,405.3333 542,405.3333 542.1667,405.3333 "
      id = "39" />
<path  style="fill:none;stroke:#000000;stroke-width:2;stroke-opacity:1"
       d="M 537.8334,405.3333 537.6667,405.3333 537.5,405.3333 537.3334,405.3333 537.1667,405.3333 537,405.3333 536.8334,405.3333 536.6667,405.3333 536.5,405.3333 536.3334,405.3333 536.1667,405.3333 536,405.3333 535.8334,405.3333 535.6667,405.3333 535.5,405.3333 535.3334,405.3333 535.1667,405.3333 535,405.3333 534.8334,405.3333 534.6667,405.3333 534.5,405.3333 534.3334,405.3333 534.1667,405.3333 534,405.3333 "
      id = "40" />
<path  style="fill:none;stroke:#000000;stroke-width:2;stroke-opacity:1"
       d="M 563.5,405.3333 563.6667,405.3333 563.8334,405.3333 564,405.3333 563.3334,405.3333 563.1667,405.3333 563,405.3333 563.5,405.3333 "
      id = "41" />
<path  style="fill:none;stroke:#000000;stroke-width:2;stroke-opacity:1"
       d="M 586.1667,405.3333 586.3334,405.3333 586.5,405.3333 586.6667,405.3333 586.8334,405.3333 586,405.3333 585.8334,405.3333 585.6667,405.3333 586.1667,405.3333 "
      id = "42" />
<path  style="fill:none;stroke:#000000;stroke-width:2;stroke-opacity:1"
       d="M 613.5,405.3333 613.6667,405.3333 613.8334,405.3333 614,405.3333 614.1667,405.3333 614.3334,405.3333 614.5,405.3333 614.6667,405.3333 614.8334,405.3333 615,405.3333 615.1667,405.3333 615.3334,405.3333 615.5,405.3333 615.6667,405.3333 615.8334,405.3333 616,405.3333 616.1667,405.3333 616.3334,405.3333 616.5,405.3333 616.6667,405.3333 616.8334,405.3333 617,405.3333 617.1667,405.3333 617.3334,405.3333 617.5,405.3333 617.6667,405.3333 617.8334,405.3333 618,405.3333 "
      id = "43" />
<path  style="fill:none;stroke:#000000;stroke-width:2;stroke-opacity:1"
       d="M 613.3334,405.3333 613.1667,405.3333 613,405.3333 612.8334,405.3333 612.6667,405.3333 612.5,405.3333 612.3334,405.3333 612.1667,405.3333 612,405.3333 611.8334,405.3333 611.6667,405.3333 611.5,405.3333 611.3334,405.3333 611.1667,405.3333 611,405.3333 610.8334,405.3333 610.6667,405.3333 610.5,405.3333 610.3334,405.3333 610.1667,405.3333 610,405.3333 609.8334,405.3333 609.6667,405.3333 609.5,405.3333 609.3334,405.3333 609.1667,405.3333 609,405.3333 "
      id = "44" />
<path  style="fill:none;stroke:#000000;stroke-width:2;stroke-opacity:1"
       d="M 636.5,405.3333 636.6667,405.3333 636.8334,405.3333 637,405.3333 637.1667,405.3333 637.3334,405.3333 637.5,405.3333 637.6667,405.3333 637.8334,405.3333 638,405.3333 638.1667,405.3333 638.3334,405.3333 638.5,405.3333 638.6667,405.3333 638.8334,405.3333 639,405.3333 639.1667,405.3333 639.3334,405.3333 639.5,405.3333 639.6667,405.3333 639.8334,405.3333 640,405.3333 640.1667,405.3333 640.3334,405.3333 640.5,405.3333 640.6667,405.3333 640.8334,405.3333 641,405.3333 641.1667,405.3333 641.3334,405.3333 641.5,405.3333 641.6667,405.3333 641.8334,405.3333 642,405.3333 642.1667,405.3333 642.3334,405.3333 642.5,405.3333 642.6667,405.3333 642.8334,405.3333 643,405.3333 643.1667,405.3333 "
      id = "45" />
<path  style="fill:none;stroke:#000000;stroke-width:2;stroke-opacity:1"
       d="M 636.3334,405.3333 636.1667,405.3333 636,405.3333 635.8334,405.3333 635.6667,405.3333 635.5,405.3333 635.3334,405.3333 635.1667,405.3333 635,405.3333 634.8334,405.3333 634.6667,405.3333 634.5,405.3333 634.3334,405.3333 634.1667,405.3333 634,405.3333 633.8334,405.3333 633.6667,405.3333 633.5,405.3333 633.3334,405.3333 633.1667,405.3333 633,405.3333 632.8334,405.3333 632.6667,405.3333 632.5,405.3333 632.3334,405.3333 632.1667,405.3333 632,405.3333 631.8334,405.3333 631.6667,405.3333 631.5,405.3333 631.3334,405.3333 631.1667,405.3333 631,405.3333 630.8334,405.3333 630.6667,405.3333 630.5,405.3333 630.3334,405.3333 630.1667,405.3333 630,405.3333 "
      id = "46" />
<path  style="fill:none;stroke:#000000;stroke-width:2;stroke-opacity:1"
       d="M 707.3334,405.3333 707.5,405.3333 707.6667,405.3333 707.8334,405.3333 708,405.3333 708.1667,405.3333 708.3334,405.3333 708.5,405.3333 708.6667,405.3333 708.8334,405.3333 709,405.3333 709.1667,405.3333 709.3334,405.3333 709.5,405.3333 709.6667,405.3333 709.8334,405.3333 710,405.3333 710.1667,405.3333 710.3334,405.3333 710.5,405.3333 710.6667,405.3333 710.8334,405.3333 711,405.3333 711.1667,405.3333 711.3334,405.3333 711.5,405.3333 711.6667,405.3333 711.8334,405.3333 712,405.3333 712.1667,405.3333 712.3334,405.3333 712.5,405.3333 712.6667,405.3333 712.8334,405.3333 713,405.3333 713.1667,405.3333 713.3334,405.3333 713.5,405.3333 713.6667,405.3333 713.8334,405.3333 714,405.3333 "
      id = "47" />
<path  style="fill:none;stroke:#000000;stroke-width:2;stroke-opacity:1"
       d="M 707.1667,405.3333 707,405.3333 706.8334,405.3333 706.6667,405.3333 706.5,405.3333 706.3334,405.3333 706.1667,405.3333 706,405.3333 705.8334,405.3333 705.6667,405.3333 705.5,405.3333 705.3334,405.3333 705.1667,405.3333 705,405.3333 704.8334,405.3333 704.6667,405.3333 704.5,405.3333 704.3334,405.3333 704.1667,405.3333 704,405.3333 703.8334,405.3333 703.6667,405.3333 703.5,405.3333 703.3334,405.3333 703.1667,405.3333 703,405.3333 702.8334,405.3333 702.6667,405.3333 702.5,405.3333 702.3334,405.3333 702.1667,405.3333 702,405.3333 701.8334,405.3333 701.6667,405.3333 701.5,405.3333 701.3334,405.3333 701.1667,405.3333 701,405.3333 700.8334,405.3333 "
      id = "48" />
<path  style="fill:none;stroke:#000000;stroke-width:2;stroke-opacity:1"
       d="M 741.5,405.3333 741.6667,405.3333 741.8334,405.3333 742,405.3333 742.1667,405.3333 742.3334,405.3333 742.5,405.3333 742.6667,405.3333 742.8334,405.3333 743,405.3333 743.1667,405.3333 743.3334,405.3333 743.5,405.3333 743.6667,405.3333 743.8334,405.3333 744,405.3333 744.1667,405.3333 744.3334,405.3333 744.5,405.3333 744.6667,405.3333 744.8334,405.3333 745,405.3333 745.1667,405.3333 745.3334,405.3333 745.5,405.3333 745.6667,405.3333 745.8334,405.3333 746,405.3333 746.1667,405.3333 746.3334,405.3333 746.5,405.3333 746.6667,405.3333 746.8334,405.3333 747,405.3333 747.1667,405.3333 747.3334,405.3333 747.5,405.3333 747.6667,405.3333 747.8334,405.3333 748,405.3333 748.1667,405.3333 748.3334,405.3333 748.5,405.3333 748.6667,405.3333 748.8334,405.3333 749,405.3333 749.1667,405.3333 749.3334,405.3333 749.5,405.3333 749.6667,405.3333 749.8334,405.3333 750,405.3333 750.1667,405.3333 750.3334,405.3333 750.5,405.3333 750.6667,405.3333 750.8334,405.3333 751,405.3333 751.1667,405.3333 751.3334,405.3333 751.5,405.3333 751.6667,405.3333 751.8334,405.3333 752,405.3333 752.1667,405.3333 752.3334,405.3333 752.5,405.3333 752.6667,405.3333 752.8334,405.3333 753,405.3333 753.1667,405.3333 "
      id = "49" />
<path  style="fill:none;stroke:#000000;stroke-width:2;stroke-opacity:1"
       d="M 741.3334,405.3333 741.1667,405.3333 741,405.3333 740.8334,405.3333 740.6667,405.3333 740.5,405.3333 740.3334,405.3333 740.1667,405.3333 740,405.3333 739.8334,405.3333 739.6667,405.3333 739.5,405.3333 739.3334,405.3333 739.1667,405.3333 739,405.3333 738.8334,405.3333 738.6667,405.3333 738.5,405.3333 738.3334,405.3333 738.1667,405.3333 738,405.3333 737.8334,405.3333 737.6667,405.3333 737.5,405.3333 737.3334,405.3333 737.1667,405.3333 737,405.3333 736.8334,405.3333 736.6667,405.3333 736.5,405.3333 736.3334,405.3333 736.1667,405.3333 736,405.3333 735.8334,405.3333 735.6667,405.3333 735.5,405.3333 735.3334,405.3333 735.1667,405.3333 735,405.3333 734.8334,405.3333 734.6667,405.3333 734.5,405.3333 734.3334,405.3333 734.1667,405.3333 734,405.3333 733.8334,405.3333 733.6667,405.3333 733.5,405.3333 733.3334,405.3333 733.1667,405.3333 733,405.3333 732.8334,405.3333 732.6667,405.3333 732.5,405.3333 732.3334,405.3333 732.1667,405.3333 732,405.3333 731.8334,405.3333 731.6667,405.3333 731.5,405.3333 731.3334,405.3333 731.1667,405.3333 731,405.3333 730.8334,405.3333 730.6667,405.3333 730.5,405.3333 730.3334,405.3333 730.1667,405.3333 730,405.3333 "
      id = "50" />
<path  style="fill:none;stroke:#000000;stroke-width:2;stroke-opacity:1"
       d="M 794.5,405.3333 794.6667,405.3333 794.8334,405.3333 795,405.3333 795.1667,405.3333 795.3334,405.3333 795.5,405.3333 795.6667,405.3333 795.8334,405.3333 796,405.3333 796.1667,405.3333 796.3334,405.3333 796.5,405.3333 796.6667,405.3333 796.8334,405.3333 797,405.3333 797.1667,405.3333 797.3334,405.3333 797.5,405.3333 797.6667,405.3333 797.8334,405.3333 798,405.3333 798.1667,405.3333 798.3334,405.3333 798.5,405.3333 798.6667,405.3333 798.8334,405.3333 799,405.3333 799.1667,405.3333 799.3334,405.3333 799.5,405.3333 799.6667,405.3333 799.8334,405.3333 800,405.3333 800.1667,405.3333 800.3334,405.3333 800.5,405.3333 800.6667,405.3333 800.8334,405.3333 801,405.3333 801.1667,405.3333 801.3334,405.3333 801.5,405.3333 801.6667,405.3333 801.8334,405.3333 802,405.3333 802.1667,405.3333 802.3334,405.3333 802.5,405.3333 802.6667,405.3333 802.8334,405.3333 803,405.3333 803.1667,405.3333 803.3334,405.3333 803.5,405.3333 803.6667,405.3333 803.8334,405.3333 804,405.3333 804.1667,405.3333 804.3334,405.3333 804.5,405.3333 804.6667,405.3333 804.8334,405.3333 805,405.3333 805.1667,405.3333 805.3334,405.3333 805.5,405.3333 805.6667,405.3333 805.8334,405.3333 806,405.3333 806.1667,405.3333 "
      id = "51" />
<path  style="fill:none;stroke:#000000;stroke-width:2;stroke-opacity:1"
       d="M 794.3334,405.3333 794.1667,405.3333 794,405.3333 793.8334,405.3333 793.6667,405.3333 793.5,405.3333 793.3334,405.3333 793.1667,405.3333 793,405.3333 792.8334,405.3333 792.6667,405.3333 792.5,405.3333 792.3334,405.3333 792.1667,405.3333 792,405.3333 791.8334,405.3333 791.6667,405.3333 791.5,405.3333 791.3334,405.3333 791.1667,405.3333 791,405.3333 790.8334,405.3333 790.6667,405.3333 790.5,405.3333 790.3334,405.3333 790.1667,405.3333 790,405.3333 789.8334,405.3333 789.6667,405.3333 789.5,405.3333 789.3334,405.3333 789.1667,405.3333 789,405.3333 788.8334,405.3333 788.6667,405.3333 788.5,405.3333 788.3334,405.3333 788.1667,405.3333 788,405.3333 787.8334,405.3333 787.6667,405.3333 787.5,405.3333 787.3334,405.3333 787.1667,405.3333 787,405.3333 786.8334,405.3333 786.6667,405.3333 786.5,405.3333 786.3334,405.3333 786.1667,405.3333 786,405.3333 785.8334,405.3333 785.6667,405.3333 785.5,405.3333 785.3334,405.3333 785.1667,405.3333 785,405.3333 784.8334,405.3333 784.6667,405.3333 784.5,405.3333 784.3334,405.3333 784.1667,405.3333 784,405.3333 783.8334,405.3333 783.6667,405.3333 783.5,405.3333 783.3334,405.3333 783.1667,405.3333 783,405.3333 782.8334,405.3333 "
      id = "52" />
<path  style="fill:none;stroke:#000000;stroke-width:2;stroke-opacity:1"
       d="M 96,933.3334 96.16667,933.3334 96.33334,933.3334 96.5,933.3334 96.66667,933.3334 96.83334,933.3334 97,933.3334 97.16667,933.3334 97.33334,933.3334 97.5,933.3334 97.66667,933.3334 97.83334,933.3334 98,933.3334 98.16667,933.3334 98.33334,933.3334 98.5,933.3334 98.66667,933.3334 98.83334,933.3334 99,933.3334 99.16667,933.3334 99.33334,933.3334 99.5,933.3334 99.66667,933.3334 99.83334,933.3334 100,933.3334 100.1667,933.3334 100.3333,933.3334 100.5,933.3334 100.6667,933.3334 100.8333,933.3334 101,933.3334 101.1667,933.3334 101.3333,933.3334 101.5,933.3334 101.6667,933.3334 101.8333,933.3334 102,933.3334 102.1667,933.3334 102.3333,933.3334 102.5,933.3334 102.6667,933.3334 102.8333,933.3334 103,933.3334 103.1667,933.3334 103.3333,933.3334 103.5,933.3334 103.6667,933.3334 103.8333,933.3334 104,933.3334 104.1667,933.3334 104.3333,933.3334 104.5,933.3334 104.6667,933.3334 104.8333,933.3334 105,933.3334 105.1667,933.3334 105.3333,933.3334 105.5,933.3334 105.6667,933.3334 105.8333,933.3334 106,933.3334 106.1667,933.3334 106.3333,933.3334 106.5,933.3334 106.6667,933.3334 106.8333,933.3334 107,933.3334 107.1667,933.3334 107.3333,933.3334 107.5,933.3334 107.6667,933.3334 107.8333,933.3334 108,933.3334 108.1667,933.3334 108.3333,933.3334 108.5,933.3334 108.6667,933.3334 108.8333,933.3334 109,933.3334 109.1667,933.3334 109.3333,933.3334 109.5,933.3334 109.6667,933.3334 109.8333,933.3334 110,933.3334 110.1667,933.3334 110.3333,933.3334 110.5,933.3334 110.6667,933.3334 110.8333,933.3334 111,933.3334 111.1667,933.3334 111.3333,933.3334 111.5,933.3334 111.6667,933.3334 111.8333,933.3334 112,933.3334 112.1667,933.3334 112.3333,933.3334 112.5,933.3334 112.6667,933.3334 112.8333,933.3334 113,933.3334 113.1667,933.3334 113.3333,933.3334 113.5,933.3334 113.6667,933.3334 113.8333,933.3334 114,933.3334 114.1667,933.3334 114.3333,933.3334 114.5,933.3334 114.6667,933.3334 114.8333,933.3334 115,933.3334 115.1667,933.3334 115.3333,933.3334 115.5,933.3334 115.6667,933.3334 115.8333,933.3334 116,933.3334 116.1667,933.3334 116.3333,933.3334 116.5,933.3334 116.6667,933.3334 116.8333,933.3334 117,933.3334 117.1667,933.3334 117.3333,933.3334 117.5,933.3334 117.6667,933.3334 117.8333,933.3334 118,933.3334 118.1667,933.3334 118.3333,933.3334 118.5,933.3334 118.6667,933.3334 118.8333,933.3334 119,933.3334 119.1667,933.3334 119.3333,933.3334 119.5,933.3334 119.6667,933.3334 119.8333,933.3334 120,933.3334 120.1667,933.3334 120.3333,933.3334 120.5,933.3334 120.6667,933.3334 120.8333,933.3334 121,933.3334 121.1667,933.3334 121.3333,933.3334 121.5,933.3334 121.6667,933.3334 121.8333,933.3334 122,933.3334 122.1667,933.3334 122.3333,933.3334 122.5,933.3334 122.6667,933.3334 122.8333,933.3334 123,933.3334 123.1667,933.3334 123.3333,933.3334 123.5,933.3334 123.6667,933.3334 123.8333,933.3334 124,933.3334 124.1667,933.3334 124.3333,933.3334 124.5,933.3334 124.6667,933.3334 124.8333,933.3334 125,933.3334 125.1667,933.3334 125.3333,933.3334 125.5,933.3334 125.6667,933.3334 125.8333,933.3334 126,933.3334 126.1667,933.3334 126.3333,933.3334 126.5,933.3334 126.6667,933.3334 126.8333,933.3334 127,933.3334 127.1667,933.3334 127.3333,933.3334 127.5,933.3334 127.6667,933.3334 127.8333,933.3334 128,933.3334 128.1667,933.3334 128.3333,933.3334 128.5,933.3334 128.6667,933.3334 128.8333,933.3334 129,933.3334 129.1667,933.3334 129.3333,933.3334 129.5,933.3334 "
      id = "53" />
<path  style="fill:none;stroke:#000000;stroke-width:2;stroke-opacity:1"
       d="M 95.83334,933.3334 95.66667,933.3334 95.5,933.3334 95.33334,933.3334 95.16667,933.3334 95,933.3334 94.83334,933.3334 94.66667,933.3334 94.5,933.3334 94.33334,933.3334 94.16667,933.3334 94,933.3334 93.83334,933.3334 93.66667,933.3334 93.5,933.3334 93.33334,933.3334 93.16667,933.3334 93,933.3334 92.83334,933.3334 92.66667,933.3334 92.5,933.3334 92.33334,933.3334 92.16667,933.3334 92,933.3334 91.83334,933.3334 91.66667,933.3334 91.5,933.3334 91.33334,933.3334 91.16667,933.3334 91,933.3334 90.83334,933.3334 90.66667,933.3334 90.5,933.3334 90.33334,933.3334 90.16667,933.3334 90,933.3334 89.83334,933.3334 89.66667,933.3334 89.5,933.3334 89.33334,933.3334 89.16667,933.3334 89,933.3334 88.83334,933.3334 88.66667,933.3334 88.5,933.3334 88.33334,933.3334 88.16667,933.3334 88,933.3334 87.83334,933.3334 87.66667,933.3334 87.5,933.3334 87.33334,933.3334 87.16667,933.3334 87,933.3334 86.83334,933.3334 86.66667,933.3334 86.5,933.3334 86.33334,933.3334 86.16667,933.3334 86,933.3334 85.83334,933.3334 85.66667,933.3334 85.5,933.3334 85.33334,933.3334 85.16667,933.3334 85,933.3334 84.83334,933.3334 84.66667,933.3334 84.5,933.3334 84.33334,933.3334 84.16667,933.3334 84,933.3334 83.83334,933.3334 83.66667,933.3334 83.5,933.3334 83.33334,933.3334 83.16667,933.3334 83,933.3334 82.83334,933.3334 82.66667,933.3334 82.5,933.3334 82.33334,933.3334 82.16667,933.3334 82,933.3334 81.83334,933.3334 81.66667,933.3334 81.5,933.3334 81.33334,933.3334 81.16667,933.3334 81,933.3334 80.83334,933.3334 80.66667,933.3334 80.5,933.3334 80.33334,933.3334 80.16667,933.3334 80,933.3334 79.83334,933.3334 79.66667,933.3334 79.5,933.3334 79.33334,933.3334 79.16667,933.3334 79,933.3334 78.83334,933.3334 78.66667,933.3334 78.5,933.3334 78.33334,933.3334 78.16667,933.3334 78,933.3334 77.83334,933.3334 77.66667,933.3334 77.5,933.3334 77.33334,933.3334 77.16667,933.3334 77,933.3334 76.83334,933.3334 76.66667,933.3334 76.5,933.3334 76.33334,933.3334 76.16667,933.3334 76,933.3334 75.83334,933.3334 75.66667,933.3334 75.5,933.3334 75.33334,933.3334 75.16667,933.3334 75,933.3334 74.83334,933.3334 74.66667,933.3334 74.5,933.3334 74.33334,933.3334 74.16667,933.3334 74,933.3334 73.83334,933.3334 73.66667,933.3334 73.5,933.3334 73.33334,933.3334 73.16667,933.3334 73,933.3334 72.83334,933.3334 72.66667,933.3334 72.5,933.3334 72.33334,933.3334 72.16667,933.3334 72,933.3334 71.83334,933.3334 71.66667,933.3334 71.5,933.3334 71.33334,933.3334 71.16667,933.3334 71,933.3334 70.83334,933.3334 70.66667,933.3334 70.5,933.3334 70.33334,933.3334 70.16667,933.3334 70,933.3334 69.83334,933.3334 69.66667,933.3334 69.5,933.3334 69.33334,933.3334 69.16667,933.3334 69,933.3334 68.83334,933.3334 68.66667,933.3334 68.5,933.3334 68.33334,933.3334 68.16667,933.3334 68,933.3334 67.83334,933.3334 67.66667,933.3334 67.5,933.3334 67.33334,933.3334 67.16667,933.3334 67,933.3334 66.83334,933.3334 66.66667,933.3334 66.5,933.3334 66.33334,933.3334 66.16667,933.3334 66,933.3334 65.83334,933.3334 65.66667,933.3334 65.5,933.3334 65.33334,933.3334 65.16667,933.3334 65,933.3334 64.83334,933.3334 64.66667,933.3334 64.5,933.3334 64.33334,933.3334 64.16667,933.3334 64,933.3334 63.83334,933.3334 63.66667,933.3334 63.5,933.3334 63.33334,933.3334 63.16667,933.3334 63,933.3334 62.83334,933.3334 62.66667,933.3334 62.5,933.3334 "
      id = "54" />
<path  style="fill:none;stroke:#000000;stroke-width:2;stroke-opacity:1"
       d="M 192,933.3334 192.1667,933.3334 192.3333,933.3334 192.5,933.3334 192.6667,933.3334 192.8333,933.3334 193,933.3334 193.1667,933.3334 193.3333,933.3334 193.5,933.3334 193.6667,933.3334 193.8333,933.3334 194,933.3334 194.1667,933.3334 194.3333,933.3334 194.5,933.3334 194.6667,933.3334 194.8333,933.3334 195,933.3334 195.1667,933.3334 195.3333,933.3334 195.5,933.3334 195.6667,933.3334 195.8333,933.3334 196,933.3334 196.1667,933.3334 196.3333,933.3334 196.5,933.3334 196.6667,933.3334 196.8333,933.3334 197,933.3334 197.1667,933.3334 197.3333,933.3334 197.5,933.3334 197.6667,933.3334 197.8333,933.3334 198,933.3334 198.1667,933.3334 198.3333,933.3334 198.5,933.3334 198.6667,933.3334 198.8333,933.3334 199,933.3334 199.1667,933.3334 199.3333,933.3334 199.5,933.3334 199.6667,933.3334 199.8333,933.3334 200,933.3334 200.1667,933.3334 200.3333,933.3334 200.5,933.3334 200.6667,933.3334 200.8333,933.3334 201,933.3334 201.1667,933.3334 201.3333,933.3334 201.5,933.3334 201.6667,933.3334 201.8333,933.3334 202,933.3334 202.1667,933.3334 202.3333,933.3334 202.5,933.3334 202.6667,933.3334 202.8333,933.3334 203,933.3334 203.1667,933.3334 203.3333,933.3334 203.5,933.3334 203.6667,933.3334 203.8333,933.3334 204,933.3334 204.1667,933.3334 204.3333,933.3334 204.5,933.3334 204.6667,933.3334 204.8333,933.3334 205,933.3334 205.1667,933.3334 205.3333,933.3334 205.5,933.3334 205.6667,933.3334 205.8333,933.3334 206,933.3334 206.1667,933.3334 206.3333,933.3334 206.5,933.3334 206.6667,933.3334 206.8333,933.3334 207,933.3334 207.1667,933.3334 207.3333,933.3334 207.5,933.3334 207.6667,933.3334 207.8333,933.3334 208,933.3334 208.1667,933.3334 208.3333,933.3334 208.5,933.3334 208.6667,933.3334 208.8333,933.3334 209,933.3334 209.1667,933.3334 209.3333,933.3334 209.5,933.3334 209.6667,933.3334 209.8333,933.3334 210,933.3334 210.1667,933.3334 210.3333,933.3334 210.5,933.3334 210.6667,933.3334 210.8333,933.3334 211,933.3334 211.1667,933.3334 211.3333,933.3334 211.5,933.3334 211.6667,933.3334 211.8333,933.3334 212,933.3334 212.1667,933.3334 212.3333,933.3334 212.5,933.3334 212.6667,933.3334 212.8333,933.3334 213,933.3334 213.1667,933.3334 213.3333,933.3334 213.5,933.3334 213.6667,933.3334 213.8333,933.3334 214,933.3334 214.1667,933.3334 214.3333,933.3334 "
      id = "55" />
<path  style="fill:none;stroke:#000000;stroke-width:2;stroke-opacity:1"
       d="M 191.8333,933.3334 191.6667,933.3334 191.5,933.3334 191.3333,933.3334 191.1667,933.3334 191,933.3334 190.8333,933.3334 190.6667,933.3334 190.5,933.3334 190.3333,933.3334 190.1667,933.3334 190,933.3334 189.8333,933.3334 189.6667,933.3334 189.5,933.3334 189.3333,933.3334 189.1667,933.3334 189,933.3334 188.8333,933.3334 188.6667,933.3334 188.5,933.3334 188.3333,933.3334 188.1667,933.3334 188,933.3334 187.8333,933.3334 187.6667,933.3334 187.5,933.3334 187.3333,933.3334 187.1667,933.3334 187,933.3334 186.8333,933.3334 186.6667,933.3334 186.5,933.3334 186.3333,933.3334 186.1667,933.3334 186,933.3334 185.8333,933.3334 185.6667,933.3334 185.5,933.3334 185.3333,933.3334 185.1667,933.3334 185,933.3334 184.8333,933.3334 184.6667,933.3334 184.5,933.3334 184.3333,933.3334 184.1667,933.3334 184,933.3334 183.8333,933.3334 183.6667,933.3334 183.5,933.3334 183.3333,933.3334 183.1667,933.3334 183,933.3334 182.8333,933.3334 182.6667,933.3334 182.5,933.3334 182.3333,933.3334 182.1667,933.3334 182,933.3334 181.8333,933.3334 181.6667,933.3334 181.5,933.3334 181.3333,933.3334 181.1667,933.3334 181,933.3334 180.8333,933.3334 180.6667,933.3334 180.5,933.3334 180.3333,933.3334 180.1667,933.3334 180,933.3334 179.8333,933.3334 179.6667,933.3334 179.5,933.3334 179.3333,933.3334 179.1667,933.3334 179,933.3334 178.8333,933.3334 178.6667,933.3334 178.5,933.3334 178.3333,933.3334 178.1667,933.3334 178,933.3334 177.8333,933.3334 177.6667,933.3334 177.5,933.3334 177.3333,933.3334 177.1667,933.3334 177,933.3334 176.8333,933.3334 176.6667,933.3334 176.5,933.3334 176.3333,933.3334 176.1667,933.3334 176,933.3334 175.8333,933.3334 175.6667,933.3334 175.5,933.3334 175.3333,933.3334 175.1667,933.3334 175,933.3334 174.8333,933.3334 174.6667,933.3334 174.5,933.3334 174.3333,933.3334 174.1667,933.3334 174,933.3334 173.8333,933.3334 173.6667,933.3334 173.5,933.3334 173.3333,933.3334 173.1667,933.3334 173,933.3334 172.8333,933.3334 172.6667,933.3334 172.5,933.3334 172.3333,933.3334 172.1667,933.3334 172,933.3334 171.8333,933.3334 171.6667,933.3334 171.5,933.3334 171.3333,933.3334 171.1667,933.3334 171,933.3334 170.8333,933.3334 170.6667,933.3334 170.5,933.3334 170.3333,933.3334 170.1667,933.3334 170,933.3334 169.8333,933.3334 169.6667,933.3334 "
      id = "56" />
<path  style="fill:none;stroke:#000000;stroke-width:2;stroke-opacity:1"
       d="M 250,933.3334 250.1667,933.3334 250.3333,933.3334 250.5,933.3334 250.6667,933.3334 250.8333,933.3334 251,933.3334 251.1667,933.3334 251.3333,933.3334 251.5,933.3334 251.6667,933.3334 251.8333,933.3334 252,933.3334 252.1667,933.3334 252.3333,933.3334 252.5,933.3334 252.6667,933.3334 252.8333,933.3334 253,933.3334 253.1667,933.3334 253.3333,933.3334 253.5,933.3334 253.6667,933.3334 253.8333,933.3334 254,933.3334 254.1667,933.3334 "
      id = "57" />
<path  style="fill:none;stroke:#000000;stroke-width:2;stroke-opacity:1"
       d="M 249.8333,933.3334 249.6667,933.3334 249.5,933.3334 249.3333,933.3334 249.1667,933.3334 249,933.3334 248.8333,933.3334 248.6667,933.3334 248.5,933.3334 248.3333,933.3334 248.1667,933.3334 248,933.3334 247.8333,933.3334 247.6667,933.3334 247.5,933.3334 247.3333,933.3334 247.1667,933.3334 247,933.3334 246.8333,933.3334 246.6667,933.3334 246.5,933.3334 246.3333,933.3334 246.1667,933.3334 246,933.3334 "
      id = "58" />
<path  style="fill:none;stroke:#000000;stroke-width:2;stroke-opacity:1"
       d="M 326,933.3334 326.1667,933.3334 326.3333,933.3334 326.5,933.3334 326.6667,933.3334 326.8333,933.3334 327,933.3334 327.1667,933.3334 327.3333,933.3334 327.5,933.3334 327.6667,933.3334 327.8333,933.3334 328,933.3334 328.1667,933.3334 328.3333,933.3334 328.5,933.3334 328.6667,933.3334 328.8333,933.3334 329,933.3334 329.1667,933.3334 329.3333,933.3334 329.5,933.3334 329.6667,933.3334 329.8333,933.3334 330,933.3334 "
      id = "59" />
<path  style="fill:none;stroke:#000000;stroke-width:2;stroke-opacity:1"
       d="M 325.8333,933.3334 325.6667,933.3334 325.5,933.3334 325.3333,933.3334 325.1667,933.3334 325,933.3334 324.8333,933.3334 324.6667,933.3334 324.5,933.3334 324.3333,933.3334 324.1667,933.3334 324,933.3334 323.8333,933.3334 323.6667,933.3334 323.5,933.3334 323.3333,933.3334 323.1667,933.3334 323,933.3334 322.8333,933.3334 322.6667,933.3334 322.5,933.3334 322.3333,933.3334 322.1667,933.3334 322,933.3334 "
      id = "60" />
<path  style="fill:none;stroke:#000000;stroke-width:2;stroke-opacity:1"
       d="M 356,933.3334 356.1667,933.3334 356.3333,933.3334 356.5,933.3334 356.6667,933.3334 356.8333,933.3334 357,933.3334 357.1667,933.3334 357.3333,933.3334 357.5,933.3334 357.6667,933.3334 357.8333,933.3334 358,933.3334 358.1667,933.3334 358.3333,933.3334 358.5,933.3334 358.6667,933.3334 358.8333,933.3334 359,933.3334 359.1667,933.3334 359.3333,933.3334 359.5,933.3334 359.6667,933.3334 359.8333,933.3334 360,933.3334 360.1667,933.3334 360.3333,933.3334 360.5,933.3334 360.6667,933.3334 360.8333,933.3334 361,933.3334 361.1667,933.3334 361.3333,933.3334 361.5,933.3334 361.6667,933.3334 361.8333,933.3334 362,933.3334 362.1667,933.3334 362.3333,933.3334 362.5,933.3334 "
      id = "61" />
<path  style="fill:none;stroke:#000000;stroke-width:2;stroke-opacity:1"
       d="M 355.8333,933.3334 355.6667,933.3334 355.5,933.3334 355.3333,933.3334 355.1667,933.3334 355,933.3334 354.8333,933.3334 354.6667,933.3334 354.5,933.3334 354.3333,933.3334 354.1667,933.3334 354,933.3334 353.8333,933.3334 353.6667,933.3334 353.5,933.3334 353.3333,933.3334 353.1667,933.3334 353,933.3334 352.8333,933.3334 352.6667,933.3334 352.5,933.3334 352.3333,933.3334 352.1667,933.3334 352,933.3334 351.8333,933.3334 351.6667,933.3334 351.5,933.3334 351.3333,933.3334 351.1667,933.3334 351,933.3334 350.8333,933.3334 350.6667,933.3334 350.5,933.3334 350.3333,933.3334 350.1667,933.3334 350,933.3334 349.8333,933.3334 349.6667,933.3334 349.5,933.3334 "
      id = "62" />
<path  style="fill:none;stroke:#000000;stroke-width:2;stroke-opacity:1"
       d="M 369.1667,933.3334 369.3333,933.3334 369.5,933.3334 369.6667,933.3334 369.8333,933.3334 370,933.3334 370.1667,933.3334 370.3333,933.3334 370.5,933.3334 370.6667,933.3334 370.8333,933.3334 371,933.3334 371.1667,933.3334 371.3333,933.3334 371.5,933.3334 371.6667,933.3334 371.8333,933.3334 372,933.3334 372.1667,933.3334 372.3333,933.3334 372.5,933.3334 372.6667,933.3334 372.8333,933.3334 "
      id = "63" />
<path  style="fill:none;stroke:#000000;stroke-width:2;stroke-opacity:1"
       d="M 369,933.3334 368.8333,933.3334 368.6667,933.3334 368.5,933.3334 368.3333,933.3334 368.1667,933.3334 368,933.3334 367.8333,933.3334 367.6667,933.3334 367.5,933.3334 367.3333,933.3334 367.1667,933.3334 367,933.3334 366.8333,933.3334 366.6667,933.3334 366.5,933.3334 366.3333,933.3334 366.1667,933.3334 366,933.3334 365.8333,933.3334 365.6667,933.3334 365.5,933.3334 "
      id = "64" />
<path  style="fill:none;stroke:#000000;stroke-width:2;stroke-opacity:1"
       d="M 374,933.3334 374.1667,933.3334 374.3333,933.3334 373.8333,933.3334 374,933.3334 "
      id = "65" />
<path  style="fill:none;stroke:#000000;stroke-width:2;stroke-opacity:1"
       d="M 377.3333,933.3334 377.5,933.3334 377.6667,933.3334 377.8333,933.3334 378,933.3334 377.1667,933.3334 377,933.3334 376.8333,933.3334 377.3333,933.3334 "
      id = "66" />
<path  style="fill:none;stroke:#000000;stroke-width:2;stroke-opacity:1"
       d="M 381.6667,933.3334 381.8333,933.3334 382,933.3334 382.1667,933.3334 382.3333,933.3334 382.5,933.3334 382.6667,933.3334 382.8333,933.3334 383,933.3334 383.1667,933.3334 383.3333,933.3334 383.5,933.3334 383.6667,933.3334 383.8333,933.3334 384,933.3334 384.1667,933.3334 384.3333,933.3334 384.5,933.3334 384.6667,933.3334 384.8333,933.3334 "
      id = "67" />
<path  style="fill:none;stroke:#000000;stroke-width:2;stroke-opacity:1"
       d="M 381.5,933.3334 381.3333,933.3334 381.1667,933.3334 381,933.3334 380.8333,933.3334 380.6667,933.3334 380.5,933.3334 380.3333,933.3334 380.1667,933.3334 380,933.3334 379.8333,933.3334 379.6667,933.3334 379.5,933.3334 379.3333,933.3334 379.1667,933.3334 379,933.3334 378.8333,933.3334 378.6667,933.3334 378.5,933.3334 "
      id = "68" />
<path  style="fill:none;stroke:#000000;stroke-width:2;stroke-opacity:1"
       d="M 410.5,933.3334 410.6667,933.3334 410.8333,933.3334 411,933.3334 411.1667,933.3334 411.3333,933.3334 411.5,933.3334 411.6667,933.3334 411.8333,933.3334 412,933.3334 412.1667,933.3334 412.3333,933.3334 412.5,933.3334 412.6667,933.3334 412.8333,933.3334 413,933.3334 413.1667,933.3334 413.3333,933.3334 413.5,933.3334 413.6667,933.3334 413.8333,933.3334 414,933.3334 414.1667,933.3334 414.3333,933.3334 414.5,933.3334 414.6667,933.3334 414.8333,933.3334 415,933.3334 415.1667,933.3334 415.3333,933.3334 415.5,933.3334 415.6667,933.3334 415.8333,933.3334 416,933.3334 416.1667,933.3334 416.3333,933.3334 416.5,933.3334 416.6667,933.3334 416.8333,933.3334 417,933.3334 417.1667,933.3334 417.3333,933.3334 417.5,933.3334 417.6667,933.3334 417.8333,933.3334 418,933.3334 418.1667,933.3334 418.3333,933.3334 418.5,933.3334 418.6667,933.3334 418.8333,933.3334 419,933.3334 419.1667,933.3334 419.3333,933.3334 419.5,933.3334 419.6667,933.3334 419.8333,933.3334 420,933.3334 420.1667,933.3334 420.3333,933.3334 420.5,933.3334 420.6667,933.3334 420.8333,933.3334 421,933.3334 421.1667,933.3334 421.3333,933.3334 421.5,933.3334 421.6667,933.3334 421.8333,933.3334 422,933.3334 422.1667,933.3334 422.3333,933.3334 422.5,933.3334 422.6667,933.3334 422.8333,933.3334 423,933.3334 423.1667,933.3334 "
      id = "69" />
<path  style="fill:none;stroke:#000000;stroke-width:2;stroke-opacity:1"
       d="M 410.3333,933.3334 410.1667,933.3334 410,933.3334 409.8333,933.3334 409.6667,933.3334 409.5,933.3334 409.3333,933.3334 409.1667,933.3334 409,933.3334 408.8333,933.3334 408.6667,933.3334 408.5,933.3334 408.3333,933.3334 408.1667,933.3334 408,933.3334 407.8333,933.3334 407.6667,933.3334 407.5,933.3334 407.3333,933.3334 407.1667,933.3334 407,933.3334 406.8333,933.3334 406.6667,933.3334 406.5,933.3334 406.3333,933.3334 406.1667,933.3334 406,933.3334 405.8333,933.3334 405.6667,933.3334 405.5,933.3334 405.3333,933.3334 405.1667,933.3334 405,933.3334 404.8333,933.3334 404.6667,933.3334 404.5,933.3334 404.3333,933.3334 404.1667,933.3334 404,933.3334 403.8333,933.3334 403.6667,933.3334 403.5,933.3334 403.3333,933.3334 403.1667,933.3334 403,933.3334 402.8333,933.3334 402.6667,933.3334 402.5,933.3334 402.3333,933.3334 402.1667,933.3334 402,933.3334 401.8333,933.3334 401.6667,933.3334 401.5,933.3334 401.3333,933.3334 401.1667,933.3334 401,933.3334 400.8333,933.3334 400.6667,933.3334 400.5,933.3334 400.3333,933.3334 400.1667,933.3334 400,933.3334 399.8333,933.3334 399.6667,933.3334 399.5,933.3334 399.3333,933.3334 399.1667,933.3334 399,933.3334 398.8333,933.3334 398.6667,933.3334 398.5,933.3334 398.3333,933.3334 398.1667,933.3334 398,933.3334 "
      id = "70" />
<path  style="fill:none;stroke:#000000;stroke-width:2;stroke-opacity:1"
       d="M 445.5,933.3334 445.6667,933.3334 445.8333,933.3334 446,933.3334 446.1667,933.3334 446.3333,933.3334 "
      id = "71" />
<path  style="fill:none;stroke:#000000;stroke-width:2;stroke-opacity:1"
       d="M 445.3333,933.3334 445.1667,933.3334 445,933.3334 444.8333,933.3334 444.6667,933.3334 445.3333,933.3334 "
      id = "72" />
<path  style="fill:none;stroke:#000000;stroke-width:2;stroke-opacity:1"
       d="M 450,933.3334 450.1667,933.3334 450.3333,933.3334 450.5,933.3334 450.6667,933.3334 450.8333,933.3334 451,933.3334 451.1667,933.3334 451.3333,933.3334 "
      id = "73" />
<path  style="fill:none;stroke:#000000;stroke-width:2;stroke-opacity:1"
       d="M 449.8333,933.3334 449.6667,933.3334 449.5,933.3334 449.3333,933.3334 449.1667,933.3334 449,933.3334 448.8333,933.3334 448.6667,933.3334 "
      id = "74" />
<path  style="fill:none;stroke:#000000;stroke-width:2;stroke-opacity:1"
       d="M 453,933.3334 453.1667,933.3334 453.3333,933.3334 453.5,933.3334 453.6667,933.3334 453.8333,933.3334 454,933.3334 "
      id = "75" />
<path  style="fill:none;stroke:#000000;stroke-width:2;stroke-opacity:1"
       d="M 452.8333,933.3334 452.6667,933.3334 452.5,933.3334 452.3333,933.3334 452.1667,933.3334 452.8333,933.3334 "
      id = "76" />
<path  style="fill:none;stroke:#000000;stroke-width:2;stroke-opacity:1"
       d="M 457.3333,933.3334 457.5,933.3334 457.6667,933.3334 457.8333,933.3334 458,933.3334 458.1667,933.3334 458.3333,933.3334 "
      id = "77" />
<path  style="fill:none;stroke:#000000;stroke-width:2;stroke-opacity:1"
       d="M 457.1667,933.3334 457,933.3334 456.8333,933.3334 456.6667,933.3334 456.5,933.3334 457.1667,933.3334 "
      id = "78" />
<path  style="fill:none;stroke:#000000;stroke-width:2;stroke-opacity:1"
       d="M 471.6667,933.3334 471.8333,933.3334 472,933.3334 472.1667,933.3334 472.3333,933.3334 472.5,933.3334 472.6667,933.3334 472.8333,933.3334 473,933.3334 473.1667,933.3334 473.3333,933.3334 473.5,933.3334 473.6667,933.3334 473.8333,933.3334 474,933.3334 474.1667,933.3334 474.3333,933.3334 474.5,933.3334 474.6667,933.3334 474.8333,933.3334 475,933.3334 475.1667,933.3334 475.3333,933.3334 475.5,933.3334 475.6667,933.3334 475.8333,933.3334 "
      id = "79" />
<path  style="fill:none;stroke:#000000;stroke-width:2;stroke-opacity:1"
       d="M 471.5,933.3334 471.3333,933.3334 471.1667,933.3334 471,933.3334 470.8333,933.3334 470.6667,933.3334 470.5,933.3334 470.3333,933.3334 470.1667,933.3334 470,933.3334 469.8333,933.3334 469.6667,933.3334 469.5,933.3334 469.3333,933.3334 469.1667,933.3334 469,933.3334 468.8333,933.3334 468.6667,933.3334 468.5,933.3334 468.3333,933.3334 468.1667,933.3334 468,933.3334 467.8333,933.3334 467.6667,933.3334 "
      id = "80" />
<path  style="fill:none;stroke:#000000;stroke-width:2;stroke-opacity:1"
       d="M 479.8333,933.3334 480,933.3334 480.1667,933.3334 480.3333,933.3334 480.5,933.3334 480.6667,933.3334 480.8333,933.3334 "
      id = "81" />
<path  style="fill:none;stroke:#000000;stroke-width:2;stroke-opacity:1"
       d="M 479.6667,933.3334 479.5,933.3334 479.3333,933.3334 479.1667,933.3334 479,933.3334 479.6667,933.3334 "
      id = "82" />
<path  style="fill:none;stroke:#000000;stroke-width:2;stroke-opacity:1"
       d="M 486.5,933.3334 486.6667,933.3334 486.8333,933.3334 487,933.3334 487.1667,933.3334 487.3333,933.3334 487.5,933.3334 487.6667,933.3334 487.8333,933.3334 488,933.3334 488.1667,933.3334 488.3333,933.3334 488.5,933.3334 488.6667,933.3334 488.8333,933.3334 489,933.3334 489.1667,933.3334 489.3333,933.3334 489.5,933.3334 489.6667,933.3334 489.8333,933.3334 490,933.3334 490.1667,933.3334 490.3333,933.3334 490.5,933.3334 490.6667,933.3334 490.8333,933.3334 491,933.3334 491.1667,933.3334 491.3333,933.3334 491.5,933.3334 "
      id = "83" />
<path  style="fill:none;stroke:#000000;stroke-width:2;stroke-opacity:1"
       d="M 486.3333,933.3334 486.1667,933.3334 486,933.3334 485.8333,933.3334 485.6667,933.3334 485.5,933.3334 485.3333,933.3334 485.1667,933.3334 485,933.3334 484.8333,933.3334 484.6667,933.3334 484.5,933.3334 484.3333,933.3334 484.1667,933.3334 484,933.3334 483.8333,933.3334 483.6667,933.3334 483.5,933.3334 483.3333,933.3334 483.1667,933.3334 483,933.3334 482.8333,933.3334 482.6667,933.3334 482.5,933.3334 482.3333,933.3334 482.1667,933.3334 482,933.3334 481.8333,933.3334 481.6667,933.3334 "
      id = "84" />
<path  style="fill:none;stroke:#000000;stroke-width:2;stroke-opacity:1"
       d="M 492.5,933.3334 492.6667,933.3334 492.8333,933.3334 492.3333,933.3334 492.1667,933.3334 492.5,933.3334 "
      id = "85" />
<path  style="fill:none;stroke:#000000;stroke-width:2;stroke-opacity:1"
       d="M 502.5,933.3334 502.6667,933.3334 502.8333,933.3334 503,933.3334 503.1667,933.3334 503.3333,933.3334 503.5,933.3334 503.6667,933.3334 503.8333,933.3334 504,933.3334 "
      id = "86" />
<path  style="fill:none;stroke:#000000;stroke-width:2;stroke-opacity:1"
       d="M 502.3333,933.3334 502.1667,933.3334 502,933.3334 501.8333,933.3334 501.6667,933.3334 501.5,933.3334 501.3333,933.3334 501.1667,933.3334 501,933.3334 "
      id = "87" />
<path  style="fill:none;stroke:#000000;stroke-width:2;stroke-opacity:1"
       d="M 513.3334,933.3334 513.5,933.3334 513.6667,933.3334 513.8334,933.3334 513.1667,933.3334 513,933.3334 512.8334,933.3334 513.3334,933.3334 "
      id = "88" />
<path  style="fill:none;stroke:#000000;stroke-width:2;stroke-opacity:1"
       d="M 537.3334,933.3334 537.5,933.3334 537.6667,933.3334 537.8334,933.3334 538,933.3334 538.1667,933.3334 538.3334,933.3334 538.5,933.3334 538.6667,933.3334 538.8334,933.3334 539,933.3334 539.1667,933.3334 539.3334,933.3334 539.5,933.3334 539.6667,933.3334 539.8334,933.3334 540,933.3334 540.1667,933.3334 540.3334,933.3334 540.5,933.3334 540.6667,933.3334 540.8334,933.3334 "
      id = "89" />
<path  style="fill:none;stroke:#000000;stroke-width:2;stroke-opacity:1"
       d="M 537.1667,933.3334 537,933.3334 536.8334,933.3334 536.6667,933.3334 536.5,933.3334 536.3334,933.3334 536.1667,933.3334 536,933.3334 535.8334,933.3334 535.6667,933.3334 535.5,933.3334 535.3334,933.3334 535.1667,933.3334 535,933.3334 534.8334,933.3334 534.6667,933.3334 534.5,933.3334 534.3334,933.3334 534.1667,933.3334 534,933.3334 "
      id = "90" />
<path  style="fill:none;stroke:#000000;stroke-width:2;stroke-opacity:1"
       d="M 541.5,933.3334 541.6667,933.3334 541.3334,933.3334 541.5,933.3334 "
      id = "91" />
<path  style="fill:none;stroke:#000000;stroke-width:2;stroke-opacity:1"
       d="M 564.8334,933.3334 565,933.3334 565.1667,933.3334 565.3334,933.3334 565.5,933.3334 565.6667,933.3334 565.8334,933.3334 566,933.3334 566.1667,933.3334 566.3334,933.3334 566.5,933.3334 566.6667,933.3334 566.8334,933.3334 567,933.3334 567.1667,933.3334 567.3334,933.3334 567.5,933.3334 567.6667,933.3334 567.8334,933.3334 "
      id = "92" />
<path  style="fill:none;stroke:#000000;stroke-width:2;stroke-opacity:1"
       d="M 564.6667,933.3334 564.5,933.3334 564.3334,933.3334 564.1667,933.3334 564,933.3334 563.8334,933.3334 563.6667,933.3334 563.5,933.3334 563.3334,933.3334 563.1667,933.3334 563,933.3334 562.8334,933.3334 562.6667,933.3334 562.5,933.3334 562.3334,933.3334 562.1667,933.3334 562,933.3334 "
      id = "93" />
<path  style="fill:none;stroke:#000000;stroke-width:2;stroke-opacity:1"
       d="M 577.5,933.3334 577.6667,933.3334 577.8334,933.3334 578,933.3334 577.3334,933.3334 577.1667,933.3334 577,933.3334 577.5,933.3334 "
      id = "94" />
<path  style="fill:none;stroke:#000000;stroke-width:2;stroke-opacity:1"
       d="M 584.1667,933.3334 584.3334,933.3334 584.5,933.3334 584.6667,933.3334 584.8334,933.3334 585,933.3334 585.1667,933.3334 585.3334,933.3334 585.5,933.3334 585.6667,933.3334 585.8334,933.3334 586,933.3334 586.1667,933.3334 "
      id = "95" />
<path  style="fill:none;stroke:#000000;stroke-width:2;stroke-opacity:1"
       d="M 584,933.3334 583.8334,933.3334 583.6667,933.3334 583.5,933.3334 583.3334,933.3334 583.1667,933.3334 583,933.3334 582.8334,933.3334 582.6667,933.3334 582.5,933.3334 582.3334,933.3334 582.1667,933.3334 "
      id = "96" />
<path  style="fill:none;stroke:#000000;stroke-width:2;stroke-opacity:1"
       d="M 594.8334,933.3334 595,933.3334 595.1667,933.3334 595.3334,933.3334 595.5,933.3334 595.6667,933.3334 "
      id = "97" />
<path  style="fill:none;stroke:#000000;stroke-width:2;stroke-opacity:1"
       d="M 594.6667,933.3334 594.5,933.3334 594.3334,933.3334 594.1667,933.3334 594,933.3334 594.6667,933.3334 "
      id = "98" />
<path  style="fill:none;stroke:#000000;stroke-width:2;stroke-opacity:1"
       d="M 612.8334,933.3334 613,933.3334 613.1667,933.3334 613.3334,933.3334 613.5,933.3334 613.6667,933.3334 613.8334,933.3334 614,933.3334 614.1667,933.3334 614.3334,933.3334 614.5,933.3334 "
      id = "99" />
<path  style="fill:none;stroke:#000000;stroke-width:2;stroke-opacity:1"
       d="M 612.6667,933.3334 612.5,933.3334 612.3334,933.3334 612.1667,933.3334 612,933.3334 611.8334,933.3334 611.6667,933.3334 611.5,933.3334 611.3334,933.3334 611.1667,933.3334 "
      id = "100" />
<path  style="fill:none;stroke:#000000;stroke-width:2;stroke-opacity:1"
       d="M 617.6667,933.3334 617.8334,933.3334 618,933.3334 617.5,933.3334 617.6667,933.3334 "
      id = "101" />
<path  style="fill:none;stroke:#000000;stroke-width:2;stroke-opacity:1"
       d="M 634,933.3334 634.1667,933.3334 634.3334,933.3334 634.5,933.3334 634.6667,933.3334 634.8334,933.3334 635,933.3334 635.1667,933.3334 635.3334,933.3334 635.5,933.3334 635.6667,933.3334 635.8334,933.3334 636,933.3334 636.1667,933.3334 636.3334,933.3334 636.5,933.3334 636.6667,933.3334 636.8334,933.3334 637,933.3334 637.1667,933.3334 637.3334,933.3334 637.5,933.3334 637.6667,933.3334 637.8334,933.3334 638,933.3334 638.1667,933.3334 "
      id = "102" />
<path  style="fill:none;stroke:#000000;stroke-width:2;stroke-opacity:1"
       d="M 633.8334,933.3334 633.6667,933.3334 633.5,933.3334 633.3334,933.3334 633.1667,933.3334 633,933.3334 632.8334,933.3334 632.6667,933.3334 632.5,933.3334 632.3334,933.3334 632.1667,933.3334 632,933.3334 631.8334,933.3334 631.6667,933.3334 631.5,933.3334 631.3334,933.3334 631.1667,933.3334 631,933.3334 630.8334,933.3334 630.6667,933.3334 630.5,933.3334 630.3334,933.3334 630.1667,933.3334 630,933.3334 "
      id = "103" />
<path  style="fill:none;stroke:#000000;stroke-width:2;stroke-opacity:1"
       d="M 710,933.3334 710.1667,933.3334 710.3334,933.3334 710.5,933.3334 710.6667,933.3334 710.8334,933.3334 711,933.3334 711.1667,933.3334 711.3334,933.3334 711.5,933.3334 711.6667,933.3334 711.8334,933.3334 712,933.3334 712.1667,933.3334 712.3334,933.3334 712.5,933.3334 712.6667,933.3334 712.8334,933.3334 713,933.3334 713.1667,933.3334 713.3334,933.3334 713.5,933.3334 713.6667,933.3334 713.8334,933.3334 714,933.3334 "
      id = "104" />
<path  style="fill:none;stroke:#000000;stroke-width:2;stroke-opacity:1"
       d="M 709.8334,933.3334 709.6667,933.3334 709.5,933.3334 709.3334,933.3334 709.1667,933.3334 709,933.3334 708.8334,933.3334 708.6667,933.3334 708.5,933.3334 708.3334,933.3334 708.1667,933.3334 708,933.3334 707.8334,933.3334 707.6667,933.3334 707.5,933.3334 707.3334,933.3334 707.1667,933.3334 707,933.3334 706.8334,933.3334 706.6667,933.3334 706.5,933.3334 706.3334,933.3334 706.1667,933.3334 706,933.3334 "
      id = "105" />
<path  style="fill:none;stroke:#000000;stroke-width:2;stroke-opacity:1"
       d="M 735.3334,933.3334 735.5,933.3334 735.6667,933.3334 735.8334,933.3334 736,933.3334 736.1667,933.3334 736.3334,933.3334 736.5,933.3334 736.6667,933.3334 736.8334,933.3334 737,933.3334 737.1667,933.3334 737.3334,933.3334 737.5,933.3334 737.6667,933.3334 737.8334,933.3334 738,933.3334 738.1667,933.3334 738.3334,933.3334 738.5,933.3334 738.6667,933.3334 738.8334,933.3334 739,933.3334 739.1667,933.3334 739.3334,933.3334 739.5,933.3334 739.6667,933.3334 739.8334,933.3334 740,933.3334 740.1667,933.3334 740.3334,933.3334 740.5,933.3334 740.6667,933.3334 740.8334,933.3334 741,933.3334 741.1667,933.3334 741.3334,933.3334 741.5,933.3334 741.6667,933.3334 741.8334,933.3334 742,933.3334 742.1667,933.3334 742.3334,933.3334 742.5,933.3334 742.6667,933.3334 742.8334,933.3334 743,933.3334 743.1667,933.3334 743.3334,933.3334 743.5,933.3334 743.6667,933.3334 743.8334,933.3334 744,933.3334 744.1667,933.3334 744.3334,933.3334 744.5,933.3334 744.6667,933.3334 744.8334,933.3334 "
      id = "106" />
<path  style="fill:none;stroke:#000000;stroke-width:2;stroke-opacity:1"
       d="M 735.1667,933.3334 735,933.3334 734.8334,933.3334 734.6667,933.3334 734.5,933.3334 734.3334,933.3334 734.1667,933.3334 734,933.3334 733.8334,933.3334 733.6667,933.3334 733.5,933.3334 733.3334,933.3334 733.1667,933.3334 733,933.3334 732.8334,933.3334 732.6667,933.3334 732.5,933.3334 732.3334,933.3334 732.1667,933.3334 732,933.3334 731.8334,933.3334 731.6667,933.3334 731.5,933.3334 731.3334,933.3334 731.1667,933.3334 731,933.3334 730.8334,933.3334 730.6667,933.3334 730.5,933.3334 730.3334,933.3334 730.1667,933.3334 730,933.3334 729.8334,933.3334 729.6667,933.3334 729.5,933.3334 729.3334,933.3334 729.1667,933.3334 729,933.3334 728.8334,933.3334 728.6667,933.3334 728.5,933.3334 728.3334,933.3334 728.1667,933.3334 728,933.3334 727.8334,933.3334 727.6667,933.3334 727.5,933.3334 727.3334,933.3334 727.1667,933.3334 727,933.3334 726.8334,933.3334 726.6667,933.3334 726.5,933.3334 726.3334,933.3334 726.1667,933.3334 726,933.3334 "
      id = "107" />
<path  style="fill:none;stroke:#000000;stroke-width:2;stroke-opacity:1"
       d="M 800.5,933.3334 800.6667,933.3334 800.8334,933.3334 801,933.3334 801.1667,933.3334 801.3334,933.3334 801.5,933.3334 801.6667,933.3334 801.8334,933.3334 802,933.3334 802.1667,933.3334 802.3334,933.3334 802.5,933.3334 802.6667,933.3334 802.8334,933.3334 803,933.3334 803.1667,933.3334 803.3334,933.3334 803.5,933.3334 803.6667,933.3334 803.8334,933.3334 804,933.3334 804.1667,933.3334 804.3334,933.3334 804.5,933.3334 804.6667,933.3334 804.8334,933.3334 805,933.3334 805.1667,933.3334 805.3334,933.3334 805.5,933.3334 805.6667,933.3334 805.8334,933.3334 806,933.3334 806.1667,933.3334 806.3334,933.3334 806.5,933.3334 806.6667,933.3334 806.8334,933.3334 807,933.3334 807.1667,933.3334 807.3334,933.3334 807.5,933.3334 807.6667,933.3334 807.8334,933.3334 808,933.3334 808.1667,933.3334 808.3334,933.3334 808.5,933.3334 808.6667,933.3334 808.8334,933.3334 809,933.3334 809.1667,933.3334 809.3334,933.3334 809.5,933.3334 809.6667,933.3334 809.8334,933.3334 810,933.3334 "
      id = "108" />
<path  style="fill:none;stroke:#000000;stroke-width:2;stroke-opacity:1"
       d="M 800.3334,933.3334 800.1667,933.3334 800,933.3334 799.8334,933.3334 799.6667,933.3334 799.5,933.3334 799.3334,933.3334 799.1667,933.3334 799,933.3334 798.8334,933.3334 798.6667,933.3334 798.5,933.3334 798.3334,933.3334 798.1667,933.3334 798,933.3334 797.8334,933.3334 797.6667,933.3334 797.5,933.3334 797.3334,933.3334 797.1667,933.3334 797,933.3334 796.8334,933.3334 796.6667,933.3334 796.5,933.3334 796.3334,933.3334 796.1667,933.3334 796,933.3334 795.8334,933.3334 795.6667,933.3334 795.5,933.3334 795.3334,933.3334 795.1667,933.3334 795,933.3334 794.8334,933.3334 794.6667,933.3334 794.5,933.3334 794.3334,933.3334 794.1667,933.3334 794,933.3334 793.8334,933.3334 793.6667,933.3334 793.5,933.3334 793.3334,933.3334 793.1667,933.3334 793,933.3334 792.8334,933.3334 792.6667,933.3334 792.5,933.3334 792.3334,933.3334 792.1667,933.3334 792,933.3334 791.8334,933.3334 791.6667,933.3334 791.5,933.3334 791.3334,933.3334 791.1667,933.3334 "
      id = "109" />
</svg>
