<svg
   width="864"
   height = "1152"
   version="1.1"
   id="svg2"
   xmlns="http://www.w3.org/2000/svg"
   xmlns:svg="http://www.w3.org/2000/svg">
  <defs
     id="defs6" />

<path  style="fill:none;stroke:#000000;stroke-width:2;stroke-opacity:1"
       d="M 60.66667,405.3333 60.83334,405.3333 61,405.3333 61.16667,405.3333 61.33334,405.3333 61.5,405.3333 61.66667,405.3333 61.83334,405.3333 62,405.3333 62.16667,405.3333 62.33334,405.3333 62.5,405.3333 62.66667,405.3333 62.83334,405.3333 63,405.3333 63.16667,405.3333 63.33334,405.3333 63.5,405.3333 63.66667,405.3333 63.83334,405.3333 64,405.3333 64.16667,405.3333 64.33334,405.3333 64.5,405.3333 64.66667,405.3333 64.83334,405.3333 65,405.3333 65.16667,405.3333 65.33334,405.3333 65.5,405.3333 65.66667,405.3333 65.83334,405.3333 66,405.3333 66.16667,405.3333 66.33334,405.3333 66.5,405.3333 66.66667,405.3333 66.83334,405.3333 67,405.3333 67.16667,405.3333 67.33334,405.3333 67.5,405.3333 "
      id = "0" />
<path  style="fill:none;stroke:#000000;stroke-width:2;stroke-opacity:1"
       d="M 60.5,405.3333 60.33334,405.3333 60.16667,405.3333 60,405.3333 59.83334,405.3333 59.66667,405.3333 59.5,405.3333 59.33334,405.3333 59.16667,405.3333 59,405.3333 58.83334,405.3333 58.66667,405.3333 58.5,405.3333 58.33334,405.3333 58.16667,405.3333 58,405.3333 57.83334,405.3333 57.66667,405.3333 57.5,405.3333 57.33334,405.3333 57.16667,405.3333 57,405.3333 56.83334,405.3333 56.66667,405.3333 56.5,405.3333 56.33334,405.3333 56.16667,405.3333 56,405.3333 55.83333,405.3333 55.66667,405.3333 55.5,405.3333 55.33333,405.3333 55.16667,405.3333 55,405.3333 54.83333,405.3333 54.66667,405.3333 54.5,405.3333 54.33333,405.3333 54.16667,405.3333 54,405.3333 "
      id = "1" />
<path  style="fill:none;stroke:#000000;stroke-width:2;stroke-opacity:1"
       d="M 131.1667,405.3333 131.3333,405.3333 131.5,405.3333 131.6667,405.3333 131.8333,405.3333 132,405.3333 132.1667,405.3333 132.3333,405.3333 132.5,405.3333 132.6667,405.3333 132.8333,405.3333 133,405.3333 133.1667,405.3333 133.3333,405.3333 133.5,405.3333 133.6667,405.3333 133.8333,405.3333 134,405.3333 134.1667,405.3333 134.3333,405.3333 134.5,405.3333 134.6667,405.3333 134.8333,405.3333 135,405.3333 135.1667,405.3333 135.3333,405.3333 135.5,405.3333 135.6667,405.3333 135.8333,405.3333 136,405.3333 136.1667,405.3333 136.3333,405.3333 136.5,405.3333 136.6667,405.3333 136.8333,405.3333 137,405.3333 137.1667,405.3333 137.3333,405.3333 137.5,405.3333 137.6667,405.3333 137.8333,405.3333 138,405.3333 "
      id = "2" />
<path  style="fill:none;stroke:#000000;stroke-width:2;stroke-opacity:1"
       d="M 131,405.3333 130.8333,405.3333 130.6667,405.3333 130.5,405.3333 130.3333,405.3333 130.1667,405.3333 130,405.3333 129.8333,405.3333 129.6667,405.3333 129.5,405.3333 129.3333,405.3333 129.1667,405.3333 129,405.3333 128.8333,405.3333 128.6667,405.3333 128.5,405.3333 128.3333,405.3333 128.1667,405.3333 128,405.3333 127.8333,405.3333 127.6667,405.3333 127.5,405.3333 127.3333,405.3333 127.1667,405.3333 127,405.3333 126.8333,405.3333 126.6667,405.3333 126.5,405.3333 126.3333,405.3333 126.1667,405.3333 126,405.3333 125.8333,405.3333 125.6667,405.3333 125.5,405.3333 125.3333,405.3333 125.1667,405.3333 125,405.3333 124.8333,405.3333 124.6667,405.3333 124.5,405.3333 "
      id = "3" />
<path  style="fill:none;stroke:#000000;stroke-width:2;stroke-opacity:1"
       d="M 166,405.3333 166.1667,405.3333 166.3333,405.3333 166.5,405.3333 166.6667,405.3333 166.8333,405.3333 167,405.3333 167.1667,405.3333 167.3333,405.3333 167.5,405.3333 167.6667,405.3333 167.8333,405.3333 168,405.3333 168.1667,405.3333 168.3333,405.3333 168.5,405.3333 168.6667,405.3333 168.8333,405.3333 169,405.3333 169.1667,405.3333 169.3333,405.3333 169.5,405.3333 169.6667,405.3333 169.8333,405.3333 170,405.3333 170.1667,405.3333 170.3333,405.3333 170.5,405.3333 170.6667,405.3333 170.8333,405.3333 171,405.3333 171.1667,405.3333 171.3333,405.3333 171.5,405.3333 171.6667,405.3333 171.8333,405.3333 172,405.3333 172.1667,405.3333 172.3333,405.3333 172.5,405.3333 172.6667,405.3333 172.8333,405.3333 173,405.3333 173.1667,405.3333 173.3333,405.3333 173.5,405.3333 173.6667,405.3333 173.8333,405.3333 174,405.3333 174.1667,405.3333 174.3333,405.3333 174.5,405.3333 174.6667,405.3333 174.8333,405.3333 175,405.3333 175.1667,405.3333 175.3333,405.3333 175.5,405.3333 175.6667,405.3333 175.8333,405.3333 176,405.3333 176.1667,405.3333 176.3333,405.3333 176.5,405.3333 176.6667,405.3333 176.8333,405.3333 177,405.3333 177.1667,405.3333 177.3333,405.3333 177.5,405.3333 177.6667,405.3333 177.8333,405.3333 "
      id = "4" />
<path  style="fill:none;stroke:#000000;stroke-width:2;stroke-opacity:1"
       d="M 165.8333,405.3333 165.6667,405.3333 165.5,405.3333 165.3333,405.3333 165.1667,405.3333 165,405.3333 164.8333,405.3333 164.6667,405.3333 164.5,405.3333 164.3333,405.3333 164.1667,405.3333 164,405.3333 163.8333,405.3333 163.6667,405.3333 163.5,405.3333 163.3333,405.3333 163.1667,405.3333 163,405.3333 162.8333,405.3333 162.6667,405.3333 162.5,405.3333 162.3333,405.3333 162.1667,405.3333 162,405.3333 161.8333,405.3333 161.6667,405.3333 161.5,405.3333 161.3333,405.3333 161.1667,405.3333 161,405.3333 160.8333,405.3333 160.6667,405.3333 160.5,405.3333 160.3333,405.3333 160.1667,405.3333 160,405.3333 159.8333,405.3333 159.6667,405.3333 159.5,405.3333 159.3333,405.3333 159.1667,405.3333 159,405.3333 158.8333,405.3333 158.6667,405.3333 158.5,405.3333 158.3333,405.3333 158.1667,405.3333 158,405.3333 157.8333,405.3333 157.6667,405.3333 157.5,405.3333 157.3333,405.3333 157.1667,405.3333 157,405.3333 156.8333,405.3333 156.6667,405.3333 156.5,405.3333 156.3333,405.3333 156.1667,405.3333 156,405.3333 155.8333,405.3333 155.6667,405.3333 155.5,405.3333 155.3333,405.3333 155.1667,405.3333 155,405.3333 154.8333,405.3333 154.6667,405.3333 154.5,405.3333 154.3333,405.3333 154.1667,405.3333 "
      id = "5" />
<path  style="fill:none;stroke:#000000;stroke-width:2;stroke-opacity:1"
       d="M 218,405.3333 218.1667,405.3333 218.3333,405.3333 218.5,405.3333 218.6667,405.3333 218.8333,405.3333 219,405.3333 219.1667,405.3333 219.3333,405.3333 219.5,405.3333 219.6667,405.3333 219.8333,405.3333 220,405.3333 220.1667,405.3333 220.3333,405.3333 220.5,405.3333 220.6667,405.3333 220.8333,405.3333 221,405.3333 221.1667,405.3333 221.3333,405.3333 221.5,405.3333 221.6667,405.3333 221.8333,405.3333 222,405.3333 222.1667,405.3333 222.3333,405.3333 222.5,405.3333 222.6667,405.3333 222.8333,405.3333 223,405.3333 223.1667,405.3333 223.3333,405.3333 223.5,405.3333 223.6667,405.3333 223.8333,405.3333 224,405.3333 224.1667,405.3333 224.3333,405.3333 224.5,405.3333 224.6667,405.3333 224.8333,405.3333 225,405.3333 225.1667,405.3333 225.3333,405.3333 225.5,405.3333 225.6667,405.3333 225.8333,405.3333 226,405.3333 226.1667,405.3333 226.3333,405.3333 226.5,405.3333 226.6667,405.3333 226.8333,405.3333 227,405.3333 227.1667,405.3333 227.3333,405.3333 227.5,405.3333 227.6667,405.3333 227.8333,405.3333 228,405.3333 228.1667,405.3333 228.3333,405.3333 228.5,405.3333 228.6667,405.3333 228.8333,405.3333 229,405.3333 229.1667,405.3333 229.3333,405.3333 229.5,405.3333 229.6667,405.3333 229.8333,405.3333 "
      id = "6" />
<path  style="fill:none;stroke:#000000;stroke-width:2;stroke-opacity:1"
       d="M 217.8333,405.3333 217.6667,405.3333 217.5,405.3333 217.3333,405.3333 217.1667,405.3333 217,405.3333 216.8333,405.3333 216.6667,405.3333 216.5,405.3333 216.3333,405.3333 216.1667,405.3333 216,405.3333 215.8333,405.3333 215.6667,405.3333 215.5,405.3333 215.3333,405.3333 215.1667,405.3333 215,405.3333 214.8333,405.3333 214.6667,405.3333 214.5,405.3333 214.3333,405.3333 214.1667,405.3333 214,405.3333 213.8333,405.3333 213.6667,405.3333 213.5,405.3333 213.3333,405.3333 213.1667,405.3333 213,405.3333 212.8333,405.3333 212.6667,405.3333 212.5,405.3333 212.3333,405.3333 212.1667,405.3333 212,405.3333 211.8333,405.3333 211.6667,405.3333 211.5,405.3333 211.3333,405.3333 211.1667,405.3333 211,405.3333 210.8333,405.3333 210.6667,405.3333 210.5,405.3333 210.3333,405.3333 210.1667,405.3333 210,405.3333 209.8333,405.3333 209.6667,405.3333 209.5,405.3333 209.3333,405.3333 209.1667,405.3333 209,405.3333 208.8333,405.3333 208.6667,405.3333 208.5,405.3333 208.3333,405.3333 208.1667,405.3333 208,405.3333 207.8333,405.3333 207.6667,405.3333 207.5,405.3333 207.3333,405.3333 207.1667,405.3333 207,405.3333 206.8333,405.3333 206.6667,405.3333 206.5,405.3333 206.3333,405.3333 206.1667,405.3333 "
      id = "7" />
<path  style="fill:none;stroke:#000000;stroke-width:2;stroke-opacity:1"
       d="M 287.1667,405.3333 287.3333,405.3333 287.5,405.3333 287.6667,405.3333 287.8333,405.3333 288,405.3333 288.1667,405.3333 288.3333,405.3333 288.5,405.3333 288.6667,405.3333 288.8333,405.3333 289,405.3333 289.1667,405.3333 289.3333,405.3333 289.5,405.3333 289.6667,405.3333 289.8333,405.3333 290,405.3333 290.1667,405.3333 290.3333,405.3333 290.5,405.3333 290.6667,405.3333 290.8333,405.3333 291,405.3333 291.1667,405.3333 291.3333,405.3333 291.5,405.3333 291.6667,405.3333 291.8333,405.3333 292,405.3333 292.1667,405.3333 292.3333,405.3333 292.5,405.3333 292.6667,405.3333 292.8333,405.3333 293,405.3333 293.1667,405.3333 293.3333,405.3333 293.5,405.3333 293.6667,405.3333 293.8333,405.3333 294,405.3333 294.1667,405.3333 294.3333,405.3333 294.5,405.3333 294.6667,405.3333 294.8333,405.3333 295,405.3333 295.1667,405.3333 295.3333,405.3333 295.5,405.3333 295.6667,405.3333 295.8333,405.3333 296,405.3333 296.1667,405.3333 296.3333,405.3333 296.5,405.3333 296.6667,405.3333 296.8333,405.3333 297,405.3333 297.1667,405.3333 297.3333,405.3333 297.5,405.3333 297.6667,405.3333 297.8333,405.3333 298,405.3333 298.1667,405.3333 298.3333,405.3333 298.5,405.3333 298.6667,405.3333 298.8333,405.3333 299,405.3333 299.1667,405.3333 299.3333,405.3333 299.5,405.3333 299.6667,405.3333 299.8333,405.3333 300,405.3333 300.1667,405.3333 300.3333,405.3333 300.5,405.3333 300.6667,405.3333 300.8333,405.3333 301,405.3333 301.1667,405.3333 301.3333,405.3333 301.5,405.3333 301.6667,405.3333 301.8333,405.3333 302,405.3333 302.1667,405.3333 302.3333,405.3333 302.5,405.3333 302.6667,405.3333 302.8333,405.3333 303,405.3333 303.1667,405.3333 303.3333,405.3333 303.5,405.3333 303.6667,405.3333 303.8333,405.3333 304,405.3333 304.1667,405.3333 304.3333,405.3333 304.5,405.3333 304.6667,405.3333 304.8333,405.3333 305,405.3333 305.1667,405.3333 305.3333,405.3333 305.5,405.3333 305.6667,405.3333 305.8333,405.3333 306,405.3333 306.1667,405.3333 306.3333,405.3333 306.5,405.3333 306.6667,405.3333 306.8333,405.3333 307,405.3333 307.1667,405.3333 307.3333,405.3333 307.5,405.3333 307.6667,405.3333 307.8333,405.3333 308,405.3333 308.1667,405.3333 308.3333,405.3333 308.5,405.3333 308.6667,405.3333 308.8333,405.3333 309,405.3333 309.1667,405.3333 309.3333,405.3333 309.5,405.3333 309.6667,405.3333 309.8333,405.3333 310,405.3333 310.1667,405.3333 310.3333,405.3333 310.5,405.3333 310.6667,405.3333 310.8333,405.3333 "
      id = "8" />
<path  style="fill:none;stroke:#000000;stroke-width:2;stroke-opacity:1"
       d="M 287,405.3333 286.8333,405.3333 286.6667,405.3333 286.5,405.3333 286.3333,405.3333 286.1667,405.3333 286,405.3333 285.8333,405.3333 285.6667,405.3333 285.5,405.3333 285.3333,405.3333 285.1667,405.3333 285,405.3333 284.8333,405.3333 284.6667,405.3333 284.5,405.3333 284.3333,405.3333 284.1667,405.3333 284,405.3333 283.8333,405.3333 283.6667,405.3333 283.5,405.3333 283.3333,405.3333 283.1667,405.3333 283,405.3333 282.8333,405.3333 282.6667,405.3333 282.5,405.3333 282.3333,405.3333 282.1667,405.3333 282,405.3333 281.8333,405.3333 281.6667,405.3333 281.5,405.3333 281.3333,405.3333 281.1667,405.3333 281,405.3333 280.8333,405.3333 280.6667,405.3333 280.5,405.3333 280.3333,405.3333 280.1667,405.3333 280,405.3333 279.8333,405.3333 279.6667,405.3333 279.5,405.3333 279.3333,405.3333 279.1667,405.3333 279,405.3333 278.8333,405.3333 278.6667,405.3333 278.5,405.3333 278.3333,405.3333 278.1667,405.3333 278,405.3333 277.8333,405.3333 277.6667,405.3333 277.5,405.3333 277.3333,405.3333 277.1667,405.3333 277,405.3333 276.8333,405.3333 276.6667,405.3333 276.5,405.3333 276.3333,405.3333 276.1667,405.3333 276,405.3333 275.8333,405.3333 275.6667,405.3333 275.5,405.3333 275.3333,405.3333 275.1667,405.3333 275,405.3333 274.8333,405.3333 274.6667,405.3333 274.5,405.3333 274.3333,405.3333 274.1667,405.3333 274,405.3333 273.8333,405.3333 273.6667,405.3333 273.5,405.3333 273.3333,405.3333 273.1667,405.3333 273,405.3333 272.8333,405.3333 272.6667,405.3333 272.5,405.3333 272.3333,405.3333 272.1667,405.3333 272,405.3333 271.8333,405.3333 271.6667,405.3333 271.5,405.3333 271.3333,405.3333 271.1667,405.3333 271,405.3333 270.8333,405.3333 270.6667,405.3333 270.5,405.3333 270.3333,405.3333 270.1667,405.3333 270,405.3333 269.8333,405.3333 269.6667,405.3333 269.5,405.3333 269.3333,405.3333 269.1667,405.3333 269,405.3333 268.8333,405.3333 268.6667,405.3333 268.5,405.3333 268.3333,405.3333 268.1667,405.3333 268,405.3333 267.8333,405.3333 267.6667,405.3333 267.5,405.3333 267.3333,405.3333 267.1667,405.3333 267,405.3333 266.8333,405.3333 266.6667,405.3333 266.5,405.3333 266.3333,405.3333 266.1667,405.3333 266,405.3333 265.8333,405.3333 265.6667,405.3333 265.5,405.3333 265.3333,405.3333 265.1667,405.3333 265,405.3333 264.8333,405.3333 264.6667,405.3333 264.5,405.3333 264.3333,405.3333 264.1667,405.3333 264,405.3333 263.8333,405.3333 263.6667,405.3333 "
      id = "9" />
<path  style="fill:none;stroke:#000000;stroke-width:2;stroke-opacity:1"
       d="M 342.5,405.3333 342.6667,405.3333 342.8333,405.3333 343,405.3333 342.3333,405.3333 342.1667,405.3333 342,405.3333 342.5,405.3333 "
      id = "10" />
<path  style="fill:none;stroke:#000000;stroke-width:2;stroke-opacity:1"
       d="M 350,405.3333 350.1667,405.3333 350.3333,405.3333 350.5,405.3333 350.6667,405.3333 350.8333,405.3333 351,405.3333 351.1667,405.3333 351.3333,405.3333 351.5,405.3333 351.6667,405.3333 351.8333,405.3333 352,405.3333 352.1667,405.3333 352.3333,405.3333 352.5,405.3333 352.6667,405.3333 352.8333,405.3333 353,405.3333 353.1667,405.3333 353.3333,405.3333 353.5,405.3333 353.6667,405.3333 353.8333,405.3333 354,405.3333 354.1667,405.3333 354.3333,405.3333 354.5,405.3333 354.6667,405.3333 354.8333,405.3333 "
      id = "11" />
<path  style="fill:none;stroke:#000000;stroke-width:2;stroke-opacity:1"
       d="M 349.8333,405.3333 349.6667,405.3333 349.5,405.3333 349.3333,405.3333 349.1667,405.3333 349,405.3333 348.8333,405.3333 348.6667,405.3333 348.5,405.3333 348.3333,405.3333 348.1667,405.3333 348,405.3333 347.8333,405.3333 347.6667,405.3333 347.5,405.3333 347.3333,405.3333 347.1667,405.3333 347,405.3333 346.8333,405.3333 346.6667,405.3333 346.5,405.3333 346.3333,405.3333 346.1667,405.3333 346,405.3333 345.8333,405.3333 345.6667,405.3333 345.5,405.3333 345.3333,405.3333 345.1667,405.3333 "
      id = "12" />
<path  style="fill:none;stroke:#000000;stroke-width:2;stroke-opacity:1"
       d="M 376,405.3333 376.1667,405.3333 376.3333,405.3333 376.5,405.3333 376.6667,405.3333 376.8333,405.3333 377,405.3333 377.1667,405.3333 "
      id = "13" />
<path  style="fill:none;stroke:#000000;stroke-width:2;stroke-opacity:1"
       d="M 375.8333,405.3333 375.6667,405.3333 375.5,405.3333 375.3333,405.3333 375.1667,405.3333 375,405.3333 374.8333,405.3333 "
      id = "14" />
<path  style="fill:none;stroke:#000000;stroke-width:2;stroke-opacity:1"
       d="M 400.8333,405.3333 401,405.3333 401.1667,405.3333 401.3333,405.3333 400.6667,405.3333 400.5,405.3333 400.8333,405.3333 "
      id = "15" />
<path  style="fill:none;stroke:#000000;stroke-width:2;stroke-opacity:1"
       d="M 418.1667,405.3333 418.3333,405.3333 418.5,405.3333 418.6667,405.3333 418.8333,405.3333 419,405.3333 419.1667,405.3333 419.3333,405.3333 419.5,405.3333 419.6667,405.3333 419.8333,405.3333 420,405.3333 420.1667,405.3333 420.3333,405.3333 420.5,405.3333 420.6667,405.3333 420.8333,405.3333 421,405.3333 421.1667,405.3333 421.3333,405.3333 421.5,405.3333 421.6667,405.3333 421.8333,405.3333 422,405.3333 422.1667,405.3333 422.3333,405.3333 422.5,405.3333 422.6667,405.3333 422.8333,405.3333 423,405.3333 423.1667,405.3333 423.3333,405.3333 423.5,405.3333 423.6667,405.3333 423.8333,405.3333 424,405.3333 424.1667,405.3333 424.3333,405.3333 424.5,405.3333 424.6667,405.3333 424.8333,405.3333 425,405.3333 425.1667,405.3333 425.3333,405.3333 425.5,405.3333 425.6667,405.3333 425.8333,405.3333 426,405.3333 "
      id = "16" />
<path  style="fill:none;stroke:#000000;stroke-width:2;stroke-opacity:1"
       d="M 418,405.3333 417.8333,405.3333 417.6667,405.3333 417.5,405.3333 417.3333,405.3333 417.1667,405.3333 417,405.3333 416.8333,405.3333 416.6667,405.3333 416.5,405.3333 416.3333,405.3333 416.1667,405.3333 416,405.3333 415.8333,405.3333 415.6667,405.3333 415.5,405.3333 415.3333,405.3333 415.1667,405.3333 415,405.3333 414.8333,405.3333 414.6667,405.3333 414.5,405.3333 414.3333,405.3333 414.1667,405.3333 414,405.3333 413.8333,405.3333 413.6667,405.3333 413.5,405.3333 413.3333,405.3333 413.1667,405.3333 413,405.3333 412.8333,405.3333 412.6667,405.3333 412.5,405.3333 412.3333,405.3333 412.1667,405.3333 412,405.3333 411.8333,405.3333 411.6667,405.3333 411.5,405.3333 411.3333,405.3333 411.1667,405.3333 411,405.3333 410.8333,405.3333 410.6667,405.3333 410.5,405.3333 "
      id = "17" />
<path  style="fill:none;stroke:#000000;stroke-width:2;stroke-opacity:1"
       d="M 439.6667,405.3333 439.8333,405.3333 440,405.3333 440.1667,405.3333 440.3333,405.3333 440.5,405.3333 440.6667,405.3333 440.8333,405.3333 441,405.3333 441.1667,405.3333 441.3333,405.3333 "
      id = "18" />
<path  style="fill:none;stroke:#000000;stroke-width:2;stroke-opacity:1"
       d="M 439.5,405.3333 439.3333,405.3333 439.1667,405.3333 439,405.3333 438.8333,405.3333 438.6667,405.3333 438.5,405.3333 438.3333,405.3333 438.1667,405.3333 438,405.3333 "
      id = "19" />
<path  style="fill:none;stroke:#000000;stroke-width:2;stroke-opacity:1"
       d="M 447.6667,405.3333 447.8333,405.3333 448,405.3333 448.1667,405.3333 448.3333,405.3333 448.5,405.3333 448.6667,405.3333 448.8333,405.3333 449,405.3333 449.1667,405.3333 449.3333,405.3333 449.5,405.3333 449.6667,405.3333 449.8333,405.3333 450,405.3333 450.1667,405.3333 "
      id = "20" />
<path  style="fill:none;stroke:#000000;stroke-width:2;stroke-opacity:1"
       d="M 447.5,405.3333 447.3333,405.3333 447.1667,405.3333 447,405.3333 446.8333,405.3333 446.6667,405.3333 446.5,405.3333 446.3333,405.3333 446.1667,405.3333 446,405.3333 445.8333,405.3333 445.6667,405.3333 445.5,405.3333 445.3333,405.3333 "
      id = "21" />
<path  style="fill:none;stroke:#000000;stroke-width:2;stroke-opacity:1"
       d="M 454.3333,405.3333 454.5,405.3333 454.6667,405.3333 454.8333,405.3333 455,405.3333 455.1667,405.3333 455.3333,405.3333 455.5,405.3333 455.6667,405.3333 455.8333,405.3333 456,405.3333 456.1667,405.3333 456.3333,405.3333 456.5,405.3333 456.6667,405.3333 456.8333,405.3333 457,405.3333 457.1667,405.3333 "
      id = "22" />
<path  style="fill:none;stroke:#000000;stroke-width:2;stroke-opacity:1"
       d="M 454.1667,405.3333 454,405.3333 453.8333,405.3333 453.6667,405.3333 453.5,405.3333 453.3333,405.3333 453.1667,405.3333 453,405.3333 452.8333,405.3333 452.6667,405.3333 452.5,405.3333 452.3333,405.3333 452.1667,405.3333 452,405.3333 451.8333,405.3333 451.6667,405.3333 "
      id = "23" />
<path  style="fill:none;stroke:#000000;stroke-width:2;stroke-opacity:1"
       d="M 462.3333,405.3333 462.5,405.3333 462.6667,405.3333 462.8333,405.3333 463,405.3333 463.1667,405.3333 463.3333,405.3333 463.5,405.3333 463.6667,405.3333 463.8333,405.3333 464,405.3333 464.1667,405.3333 464.3333,405.3333 464.5,405.3333 464.6667,405.3333 464.8333,405.3333 465,405.3333 465.1667,405.3333 "
      id = "24" />
<path  style="fill:none;stroke:#000000;stroke-width:2;stroke-opacity:1"
       d="M 462.1667,405.3333 462,405.3333 461.8333,405.3333 461.6667,405.3333 461.5,405.3333 461.3333,405.3333 461.1667,405.3333 461,405.3333 460.8333,405.3333 460.6667,405.3333 460.5,405.3333 460.3333,405.3333 460.1667,405.3333 460,405.3333 459.8333,405.3333 459.6667,405.3333 459.5,405.3333 "
      id = "25" />
<path  style="fill:none;stroke:#000000;stroke-width:2;stroke-opacity:1"
       d="M 476.5,405.3333 476.6667,405.3333 476.8333,405.3333 477,405.3333 477.1667,405.3333 477.3333,405.3333 477.5,405.3333 477.6667,405.3333 477.8333,405.3333 478,405.3333 478.1667,405.3333 478.3333,405.3333 478.5,405.3333 478.6667,405.3333 478.8333,405.3333 "
      id = "26" />
<path  style="fill:none;stroke:#000000;stroke-width:2;stroke-opacity:1"
       d="M 476.3333,405.3333 476.1667,405.3333 476,405.3333 475.8333,405.3333 475.6667,405.3333 475.5,405.3333 475.3333,405.3333 475.1667,405.3333 475,405.3333 474.8333,405.3333 474.6667,405.3333 474.5,405.3333 474.3333,405.3333 "
      id = "27" />
<path  style="fill:none;stroke:#000000;stroke-width:2;stroke-opacity:1"
       d="M 486.5,405.3333 486.6667,405.3333 486.8333,405.3333 487,405.3333 487.1667,405.3333 487.3333,405.3333 487.5,405.3333 487.6667,405.3333 487.8333,405.3333 488,405.3333 "
      id = "28" />
<path  style="fill:none;stroke:#000000;stroke-width:2;stroke-opacity:1"
       d="M 486.3333,405.3333 486.1667,405.3333 486,405.3333 485.8333,405.3333 485.6667,405.3333 485.5,405.3333 485.3333,405.3333 485.1667,405.3333 "
      id = "29" />
<path  style="fill:none;stroke:#000000;stroke-width:2;stroke-opacity:1"
       d="M 494.6667,405.3333 494.8333,405.3333 495,405.3333 495.1667,405.3333 495.3333,405.3333 495.5,405.3333 495.6667,405.3333 495.8333,405.3333 496,405.3333 496.1667,405.3333 496.3333,405.3333 496.5,405.3333 496.6667,405.3333 496.8333,405.3333 497,405.3333 497.1667,405.3333 497.3333,405.3333 "
      id = "30" />
<path  style="fill:none;stroke:#000000;stroke-width:2;stroke-opacity:1"
       d="M 494.5,405.3333 494.3333,405.3333 494.1667,405.3333 494,405.3333 493.8333,405.3333 493.6667,405.3333 493.5,405.3333 493.3333,405.3333 493.1667,405.3333 493,405.3333 492.8333,405.3333 492.6667,405.3333 492.5,405.3333 492.3333,405.3333 492.1667,405.3333 492,405.3333 "
      id = "31" />
<path  style="fill:none;stroke:#000000;stroke-width:2;stroke-opacity:1"
       d="M 510.3333,405.3333 510.5,405.3333 510.6667,405.3333 510.8333,405.3333 511,405.3333 511.1667,405.3333 511.3333,405.3333 511.5,405.3333 511.6667,405.3333 511.8333,405.3333 512,405.3333 512.1667,405.3333 512.3334,405.3333 512.5,405.3333 512.6667,405.3333 512.8334,405.3333 513,405.3333 513.1667,405.3333 513.3334,405.3333 513.5,405.3333 513.6667,405.3333 513.8334,405.3333 514,405.3333 514.1667,405.3333 514.3334,405.3333 514.5,405.3333 514.6667,405.3333 514.8334,405.3333 515,405.3333 515.1667,405.3333 515.3334,405.3333 515.5,405.3333 515.6667,405.3333 515.8334,405.3333 516,405.3333 516.1667,405.3333 516.3334,405.3333 516.5,405.3333 516.6667,405.3333 516.8334,405.3333 "
      id = "32" />
<path  style="fill:none;stroke:#000000;stroke-width:2;stroke-opacity:1"
       d="M 510.1667,405.3333 510,405.3333 509.8333,405.3333 509.6667,405.3333 509.5,405.3333 509.3333,405.3333 509.1667,405.3333 509,405.3333 508.8333,405.3333 508.6667,405.3333 508.5,405.3333 508.3333,405.3333 508.1667,405.3333 508,405.3333 507.8333,405.3333 507.6667,405.3333 507.5,405.3333 507.3333,405.3333 507.1667,405.3333 507,405.3333 506.8333,405.3333 506.6667,405.3333 506.5,405.3333 506.3333,405.3333 506.1667,405.3333 506,405.3333 505.8333,405.3333 505.6667,405.3333 505.5,405.3333 505.3333,405.3333 505.1667,405.3333 505,405.3333 504.8333,405.3333 504.6667,405.3333 504.5,405.3333 504.3333,405.3333 504.1667,405.3333 504,405.3333 "
      id = "33" />
<path  style="fill:none;stroke:#000000;stroke-width:2;stroke-opacity:1"
       d="M 521.3334,405.3333 521.5,405.3333 521.6667,405.3333 521.8334,405.3333 522,405.3333 521.1667,405.3333 521,405.3333 520.8334,405.3333 520.6667,405.3333 521.3334,405.3333 "
      id = "34" />
<path  style="fill:none;stroke:#000000;stroke-width:2;stroke-opacity:1"
       d="M 552.5,405.3333 552.6667,405.3333 552.8334,405.3333 553,405.3333 553.1667,405.3333 553.3334,405.3333 553.5,405.3333 553.6667,405.3333 553.8334,405.3333 554,405.3333 554.1667,405.3333 554.3334,405.3333 554.5,405.3333 554.6667,405.3333 554.8334,405.3333 555,405.3333 555.1667,405.3333 555.3334,405.3333 555.5,405.3333 555.6667,405.3333 555.8334,405.3333 556,405.3333 556.1667,405.3333 556.3334,405.3333 556.5,405.3333 556.6667,405.3333 556.8334,405.3333 557,405.3333 557.1667,405.3333 557.3334,405.3333 557.5,405.3333 557.6667,405.3333 557.8334,405.3333 558,405.3333 558.1667,405.3333 558.3334,405.3333 558.5,405.3333 558.6667,405.3333 558.8334,405.3333 559,405.3333 559.1667,405.3333 559.3334,405.3333 559.5,405.3333 559.6667,405.3333 559.8334,405.3333 560,405.3333 560.1667,405.3333 560.3334,405.3333 560.5,405.3333 560.6667,405.3333 560.8334,405.3333 561,405.3333 561.1667,405.3333 561.3334,405.3333 561.5,405.3333 561.6667,405.3333 561.8334,405.3333 562,405.3333 562.1667,405.3333 562.3334,405.3333 562.5,405.3333 562.6667,405.3333 "
      id = "35" />
<path  style="fill:none;stroke:#000000;stroke-width:2;stroke-opacity:1"
       d="M 552.3334,405.3333 552.1667,405.3333 552,405.3333 551.8334,405.3333 551.6667,405.3333 551.5,405.3333 551.3334,405.3333 551.1667,405.3333 551,405.3333 550.8334,405.3333 550.6667,405.3333 550.5,405.3333 550.3334,405.3333 550.1667,405.3333 550,405.3333 549.8334,405.3333 549.6667,405.3333 549.5,405.3333 549.3334,405.3333 549.1667,405.3333 549,405.3333 548.8334,405.3333 548.6667,405.3333 548.5,405.3333 548.3334,405.3333 548.1667,405.3333 548,405.3333 547.8334,405.3333 547.6667,405.3333 547.5,405.3333 547.3334,405.3333 547.1667,405.3333 547,405.3333 546.8334,405.3333 546.6667,405.3333 546.5,405.3333 546.3334,405.3333 546.1667,405.3333 546,405.3333 545.8334,405.3333 545.6667,405.3333 545.5,405.3333 545.3334,405.3333 545.1667,405.3333 545,405.3333 544.8334,405.3333 544.6667,405.3333 544.5,405.3333 544.3334,405.3333 544.1667,405.3333 544,405.3333 543.8334,405.3333 543.6667,405.3333 543.5,405.3333 543.3334,405.3333 543.1667,405.3333 543,405.3333 542.8334,405.3333 542.6667,405.3333 542.5,405.3333 "
      id = "36" />
<path  style="fill:none;stroke:#000000;stroke-width:2;stroke-opacity:1"
       d="M 565.8334,405.3333 566,405.3333 566.1667,405.3333 566.3334,405.3333 566.5,405.3333 566.6667,405.3333 566.8334,405.3333 567,405.3333 567.1667,405.3333 567.3334,405.3333 "
      id = "37" />
<path  style="fill:none;stroke:#000000;stroke-width:2;stroke-opacity:1"
       d="M 565.6667,405.3333 565.5,405.3333 565.3334,405.3333 565.1667,405.3333 565,405.3333 564.8334,405.3333 564.6667,405.3333 564.5,405.3333 564.3334,405.3333 "
      id = "38" />
<path  style="fill:none;stroke:#000000;stroke-width:2;stroke-opacity:1"
       d="M 576.6667,405.3333 576.8334,405.3333 577,405.3333 577.1667,405.3333 577.3334,405.3333 577.5,405.3333 577.6667,405.3333 577.8334,405.3333 578,405.3333 578.1667,405.3333 578.3334,405.3333 578.5,405.3333 578.6667,405.3333 578.8334,405.3333 579,405.3333 579.1667,405.3333 579.3334,405.3333 579.5,405.3333 579.6667,405.3333 579.8334,405.3333 580,405.3333 580.1667,405.3333 580.3334,405.3333 580.5,405.3333 580.6667,405.3333 580.8334,405.3333 581,405.3333 581.1667,405.3333 581.3334,405.3333 581.5,405.3333 581.6667,405.3333 581.8334,405.3333 582,405.3333 582.1667,405.3333 582.3334,405.3333 582.5,405.3333 582.6667,405.3333 582.8334,405.3333 583,405.3333 583.1667,405.3333 583.3334,405.3333 583.5,405.3333 583.6667,405.3333 583.8334,405.3333 584,405.3333 584.1667,405.3333 584.3334,405.3333 584.5,405.3333 584.6667,405.3333 584.8334,405.3333 585,405.3333 585.1667,405.3333 585.3334,405.3333 "
      id = "39" />
<path  style="fill:none;stroke:#000000;stroke-width:2;stroke-opacity:1"
       d="M 576.5,405.3333 576.3334,405.3333 576.1667,405.3333 576,405.3333 575.8334,405.3333 575.6667,405.3333 575.5,405.3333 575.3334,405.3333 575.1667,405.3333 575,405.3333 574.8334,405.3333 574.6667,405.3333 574.5,405.3333 574.3334,405.3333 574.1667,405.3333 574,405.3333 573.8334,405.3333 573.6667,405.3333 573.5,405.3333 573.3334,405.3333 573.1667,405.3333 573,405.3333 572.8334,405.3333 572.6667,405.3333 572.5,405.3333 572.3334,405.3333 572.1667,405.3333 572,405.3333 571.8334,405.3333 571.6667,405.3333 571.5,405.3333 571.3334,405.3333 571.1667,405.3333 571,405.3333 570.8334,405.3333 570.6667,405.3333 570.5,405.3333 570.3334,405.3333 570.1667,405.3333 570,405.3333 569.8334,405.3333 569.6667,405.3333 569.5,405.3333 569.3334,405.3333 569.1667,405.3333 569,405.3333 568.8334,405.3333 568.6667,405.3333 568.5,405.3333 568.3334,405.3333 568.1667,405.3333 568,405.3333 "
      id = "40" />
<path  style="fill:none;stroke:#000000;stroke-width:2;stroke-opacity:1"
       d="M 597.8334,405.3333 598,405.3333 598.1667,405.3333 598.3334,405.3333 598.5,405.3333 598.6667,405.3333 598.8334,405.3333 599,405.3333 599.1667,405.3333 599.3334,405.3333 599.5,405.3333 599.6667,405.3333 599.8334,405.3333 600,405.3333 600.1667,405.3333 600.3334,405.3333 600.5,405.3333 600.6667,405.3333 600.8334,405.3333 601,405.3333 601.1667,405.3333 601.3334,405.3333 601.5,405.3333 601.6667,405.3333 601.8334,405.3333 602,405.3333 602.1667,405.3333 602.3334,405.3333 602.5,405.3333 602.6667,405.3333 602.8334,405.3333 603,405.3333 603.1667,405.3333 603.3334,405.3333 603.5,405.3333 603.6667,405.3333 603.8334,405.3333 604,405.3333 604.1667,405.3333 604.3334,405.3333 604.5,405.3333 604.6667,405.3333 604.8334,405.3333 605,405.3333 605.1667,405.3333 605.3334,405.3333 605.5,405.3333 605.6667,405.3333 605.8334,405.3333 606,405.3333 606.1667,405.3333 606.3334,405.3333 606.5,405.3333 606.6667,405.3333 606.8334,405.3333 607,405.3333 607.1667,405.3333 607.3334,405.3333 607.5,405.3333 607.6667,405.3333 607.8334,405.3333 608,405.3333 608.1667,405.3333 608.3334,405.3333 608.5,405.3333 608.6667,405.3333 "
      id = "41" />
<path  style="fill:none;stroke:#000000;stroke-width:2;stroke-opacity:1"
       d="M 597.6667,405.3333 597.5,405.3333 597.3334,405.3333 597.1667,405.3333 597,405.3333 596.8334,405.3333 596.6667,405.3333 596.5,405.3333 596.3334,405.3333 596.1667,405.3333 596,405.3333 595.8334,405.3333 595.6667,405.3333 595.5,405.3333 595.3334,405.3333 595.1667,405.3333 595,405.3333 594.8334,405.3333 594.6667,405.3333 594.5,405.3333 594.3334,405.3333 594.1667,405.3333 594,405.3333 593.8334,405.3333 593.6667,405.3333 593.5,405.3333 593.3334,405.3333 593.1667,405.3333 593,405.3333 592.8334,405.3333 592.6667,405.3333 592.5,405.3333 592.3334,405.3333 592.1667,405.3333 592,405.3333 591.8334,405.3333 591.6667,405.3333 591.5,405.3333 591.3334,405.3333 591.1667,405.3333 591,405.3333 590.8334,405.3333 590.6667,405.3333 590.5,405.3333 590.3334,405.3333 590.1667,405.3333 590,405.3333 589.8334,405.3333 589.6667,405.3333 589.5,405.3333 589.3334,405.3333 589.1667,405.3333 589,405.3333 588.8334,405.3333 588.6667,405.3333 588.5,405.3333 588.3334,405.3333 588.1667,405.3333 588,405.3333 587.8334,405.3333 587.6667,405.3333 587.5,405.3333 587.3334,405.3333 587.1667,405.3333 "
      id = "42" />
<path  style="fill:none;stroke:#000000;stroke-width:2;stroke-opacity:1"
       d="M 672,405.3333 672.1667,405.3333 672.3334,405.3333 672.5,405.3333 672.6667,405.3333 672.8334,405.3333 673,405.3333 673.1667,405.3333 673.3334,405.3333 673.5,405.3333 673.6667,405.3333 673.8334,405.3333 674,405.3333 674.1667,405.3333 674.3334,405.3333 674.5,405.3333 674.6667,405.3333 674.8334,405.3333 675,405.3333 675.1667,405.3333 675.3334,405.3333 675.5,405.3333 675.6667,405.3333 675.8334,405.3333 676,405.3333 676.1667,405.3333 676.3334,405.3333 676.5,405.3333 676.6667,405.3333 676.8334,405.3333 677,405.3333 677.1667,405.3333 677.3334,405.3333 677.5,405.3333 677.6667,405.3333 677.8334,405.3333 678,405.3333 678.1667,405.3333 678.3334,405.3333 678.5,405.3333 678.6667,405.3333 678.8334,405.3333 679,405.3333 679.1667,405.3333 679.3334,405.3333 679.5,405.3333 679.6667,405.3333 679.8334,405.3333 680,405.3333 680.1667,405.3333 680.3334,405.3333 680.5,405.3333 680.6667,405.3333 680.8334,405.3333 681,405.3333 681.1667,405.3333 681.3334,405.3333 681.5,405.3333 681.6667,405.3333 681.8334,405.3333 682,405.3333 682.1667,405.3333 682.3334,405.3333 682.5,405.3333 682.6667,405.3333 682.8334,405.3333 683,405.3333 683.1667,405.3333 683.3334,405.3333 683.5,405.3333 683.6667,405.3333 683.8334,405.3333 684,405.3333 684.1667,405.3333 684.3334,405.3333 684.5,405.3333 684.6667,405.3333 684.8334,405.3333 685,405.3333 685.1667,405.3333 685.3334,405.3333 685.5,405.3333 685.6667,405.3333 685.8334,405.3333 686,405.3333 686.1667,405.3333 686.3334,405.3333 686.5,405.3333 686.6667,405.3333 686.8334,405.3333 687,405.3333 687.1667,405.3333 687.3334,405.3333 687.5,405.3333 687.6667,405.3333 687.8334,405.3333 688,405.3333 688.1667,405.3333 688.3334,405.3333 688.5,405.3333 688.6667,405.3333 688.8334,405.3333 689,405.3333 689.1667,405.3333 689.3334,405.3333 689.5,405.3333 689.6667,405.3333 689.8334,405.3333 690,405.3333 690.1667,405.3333 690.3334,405.3333 690.5,405.3333 690.6667,405.3333 690.8334,405.3333 691,405.3333 691.1667,405.3333 691.3334,405.3333 691.5,405.3333 691.6667,405.3333 691.8334,405.3333 692,405.3333 692.1667,405.3333 692.3334,405.3333 692.5,405.3333 692.6667,405.3333 692.8334,405.3333 693,405.3333 693.1667,405.3333 693.3334,405.3333 693.5,405.3333 693.6667,405.3333 693.8334,405.3333 694,405.3333 694.1667,405.3333 694.3334,405.3333 694.5,405.3333 694.6667,405.3333 694.8334,405.3333 695,405.3333 695.1667,405.3333 695.3334,405.3333 695.5,405.3333 695.6667,405.3333 695.8334,405.3333 696,405.3333 696.1667,405.3333 696.3334,405.3333 696.5,405.3333 696.6667,405.3333 696.8334,405.3333 697,405.3333 697.1667,405.3333 697.3334,405.3333 697.5,405.3333 697.6667,405.3333 697.8334,405.3333 698,405.3333 698.1667,405.3333 698.3334,405.3333 698.5,405.3333 698.6667,405.3333 698.8334,405.3333 699,405.3333 699.1667,405.3333 699.3334,405.3333 699.5,405.3333 699.6667,405.3333 699.8334,405.3333 700,405.3333 700.1667,405.3333 700.3334,405.3333 700.5,405.3333 "
      id = "43" />
<path  style="fill:none;stroke:#000000;stroke-width:2;stroke-opacity:1"
       d="M 671.8334,405.3333 671.6667,405.3333 671.5,405.3333 671.3334,405.3333 671.1667,405.3333 671,405.3333 670.8334,405.3333 670.6667,405.3333 670.5,405.3333 670.3334,405.3333 670.1667,405.3333 670,405.3333 669.8334,405.3333 669.6667,405.3333 669.5,405.3333 669.3334,405.3333 669.1667,405.3333 669,405.3333 668.8334,405.3333 668.6667,405.3333 668.5,405.3333 668.3334,405.3333 668.1667,405.3333 668,405.3333 667.8334,405.3333 667.6667,405.3333 667.5,405.3333 667.3334,405.3333 667.1667,405.3333 667,405.3333 666.8334,405.3333 666.6667,405.3333 666.5,405.3333 666.3334,405.3333 666.1667,405.3333 666,405.3333 665.8334,405.3333 665.6667,405.3333 665.5,405.3333 665.3334,405.3333 665.1667,405.3333 665,405.3333 664.8334,405.3333 664.6667,405.3333 664.5,405.3333 664.3334,405.3333 664.1667,405.3333 664,405.3333 663.8334,405.3333 663.6667,405.3333 663.5,405.3333 663.3334,405.3333 663.1667,405.3333 663,405.3333 662.8334,405.3333 662.6667,405.3333 662.5,405.3333 662.3334,405.3333 662.1667,405.3333 662,405.3333 661.8334,405.3333 661.6667,405.3333 661.5,405.3333 661.3334,405.3333 661.1667,405.3333 661,405.3333 660.8334,405.3333 660.6667,405.3333 660.5,405.3333 660.3334,405.3333 660.1667,405.3333 660,405.3333 659.8334,405.3333 659.6667,405.3333 659.5,405.3333 659.3334,405.3333 659.1667,405.3333 659,405.3333 658.8334,405.3333 658.6667,405.3333 658.5,405.3333 658.3334,405.3333 658.1667,405.3333 658,405.3333 657.8334,405.3333 657.6667,405.3333 657.5,405.3333 657.3334,405.3333 657.1667,405.3333 657,405.3333 656.8334,405.3333 656.6667,405.3333 656.5,405.3333 656.3334,405.3333 656.1667,405.3333 656,405.3333 655.8334,405.3333 655.6667,405.3333 655.5,405.3333 655.3334,405.3333 655.1667,405.3333 655,405.3333 654.8334,405.3333 654.6667,405.3333 654.5,405.3333 654.3334,405.3333 654.1667,405.3333 654,405.3333 653.8334,405.3333 653.6667,405.3333 653.5,405.3333 653.3334,405.3333 653.1667,405.3333 653,405.3333 652.8334,405.3333 652.6667,405.3333 652.5,405.3333 652.3334,405.3333 652.1667,405.3333 652,405.3333 651.8334,405.3333 651.6667,405.3333 651.5,405.3333 651.3334,405.3333 651.1667,405.3333 651,405.3333 650.8334,405.3333 650.6667,405.3333 650.5,405.3333 650.3334,405.3333 650.1667,405.3333 650,405.3333 649.8334,405.3333 649.6667,405.3333 649.5,405.3333 649.3334,405.3333 649.1667,405.3333 649,405.3333 648.8334,405.3333 648.6667,405.3333 648.5,405.3333 648.3334,405.3333 648.1667,405.3333 648,405.3333 647.8334,405.3333 647.6667,405.3333 647.5,405.3333 647.3334,405.3333 647.1667,405.3333 647,405.3333 646.8334,405.3333 646.6667,405.3333 646.5,405.3333 646.3334,405.3333 646.1667,405.3333 646,405.3333 645.8334,405.3333 645.6667,405.3333 645.5,405.3333 645.3334,405.3333 645.1667,405.3333 645,405.3333 644.8334,405.3333 644.6667,405.3333 644.5,405.3333 644.3334,405.3333 644.1667,405.3333 644,405.3333 643.8334,405.3333 643.6667,405.3333 643.5,405.3333 "
      id = "44" />
<path  style="fill:none;stroke:#000000;stroke-width:2;stroke-opacity:1"
       d="M 727.6667,405.3333 727.8334,405.3333 728,405.3333 728.1667,405.3333 728.3334,405.3333 728.5,405.3333 728.6667,405.3333 728.8334,405.3333 729,405.3333 729.1667,405.3333 729.3334,405.3333 729.5,405.3333 "
      id = "45" />
<path  style="fill:none;stroke:#000000;stroke-width:2;stroke-opacity:1"
       d="M 727.5,405.3333 727.3334,405.3333 727.1667,405.3333 727,405.3333 726.8334,405.3333 726.6667,405.3333 726.5,405.3333 726.3334,405.3333 726.1667,405.3333 726,405.3333 "
      id = "46" />
<path  style="fill:none;stroke:#000000;stroke-width:2;stroke-opacity:1"
       d="M 768,405.3333 768.1667,405.3333 768.3334,405.3333 768.5,405.3333 768.6667,405.3333 768.8334,405.3333 769,405.3333 769.1667,405.3333 769.3334,405.3333 769.5,405.3333 769.6667,405.3333 769.8334,405.3333 770,405.3333 770.1667,405.3333 770.3334,405.3333 770.5,405.3333 770.6667,405.3333 770.8334,405.3333 771,405.3333 771.1667,405.3333 771.3334,405.3333 771.5,405.3333 771.6667,405.3333 771.8334,405.3333 772,405.3333 772.1667,405.3333 772.3334,405.3333 772.5,405.3333 772.6667,405.3333 772.8334,405.3333 773,405.3333 773.1667,405.3333 773.3334,405.3333 773.5,405.3333 773.6667,405.3333 773.8334,405.3333 774,405.3333 774.1667,405.3333 774.3334,405.3333 774.5,405.3333 774.6667,405.3333 774.8334,405.3333 775,405.3333 775.1667,405.3333 775.3334,405.3333 775.5,405.3333 775.6667,405.3333 775.8334,405.3333 776,405.3333 776.1667,405.3333 776.3334,405.3333 776.5,405.3333 776.6667,405.3333 776.8334,405.3333 777,405.3333 777.1667,405.3333 777.3334,405.3333 777.5,405.3333 777.6667,405.3333 777.8334,405.3333 778,405.3333 778.1667,405.3333 778.3334,405.3333 778.5,405.3333 778.6667,405.3333 778.8334,405.3333 779,405.3333 779.1667,405.3333 779.3334,405.3333 779.5,405.3333 779.6667,405.3333 779.8334,405.3333 780,405.3333 780.1667,405.3333 780.3334,405.3333 780.5,405.3333 780.6667,405.3333 780.8334,405.3333 781,405.3333 781.1667,405.3333 781.3334,405.3333 781.5,405.3333 781.6667,405.3333 781.8334,405.3333 782,405.3333 782.1667,405.3333 782.3334,405.3333 782.5,405.3333 "
      id = "47" />
<path  style="fill:none;stroke:#000000;stroke-width:2;stroke-opacity:1"
       d="M 767.8334,405.3333 767.6667,405.3333 767.5,405.3333 767.3334,405.3333 767.1667,405.3333 767,405.3333 766.8334,405.3333 766.6667,405.3333 766.5,405.3333 766.3334,405.3333 766.1667,405.3333 766,405.3333 765.8334,405.3333 765.6667,405.3333 765.5,405.3333 765.3334,405.3333 765.1667,405.3333 765,405.3333 764.8334,405.3333 764.6667,405.3333 764.5,405.3333 764.3334,405.3333 764.1667,405.3333 764,405.3333 763.8334,405.3333 763.6667,405.3333 763.5,405.3333 763.3334,405.3333 763.1667,405.3333 763,405.3333 762.8334,405.3333 762.6667,405.3333 762.5,405.3333 762.3334,405.3333 762.1667,405.3333 762,405.3333 761.8334,405.3333 761.6667,405.3333 761.5,405.3333 761.3334,405.3333 761.1667,405.3333 761,405.3333 760.8334,405.3333 760.6667,405.3333 760.5,405.3333 760.3334,405.3333 760.1667,405.3333 760,405.3333 759.8334,405.3333 759.6667,405.3333 759.5,405.3333 759.3334,405.3333 759.1667,405.3333 759,405.3333 758.8334,405.3333 758.6667,405.3333 758.5,405.3333 758.3334,405.3333 758.1667,405.3333 758,405.3333 757.8334,405.3333 757.6667,405.3333 757.5,405.3333 757.3334,405.3333 757.1667,405.3333 757,405.3333 756.8334,405.3333 756.6667,405.3333 756.5,405.3333 756.3334,405.3333 756.1667,405.3333 756,405.3333 755.8334,405.3333 755.6667,405.3333 755.5,405.3333 755.3334,405.3333 755.1667,405.3333 755,405.3333 754.8334,405.3333 754.6667,405.3333 754.5,405.3333 754.3334,405.3333 754.1667,405.3333 754,405.3333 753.8334,405.3333 753.6667,405.3333 753.5,405.3333 "
      id = "48" />
<path  style="fill:none;stroke:#000000;stroke-width:2;stroke-opacity:1"
       d="M 808.3334,405.3333 808.5,405.3333 808.6667,405.3333 808.8334,405.3333 809,405.3333 809.1667,405.3333 809.3334,405.3333 809.5,405.3333 809.6667,405.3333 809.8334,405.3333 810,405.3333 "
      id = "49" />
<path  style="fill:none;stroke:#000000;stroke-width:2;stroke-opacity:1"
       d="M 808.1667,405.3333 808,405.3333 807.8334,405.3333 807.6667,405.3333 807.5,405.3333 807.3334,405.3333 807.1667,405.3333 807,405.3333 806.8334,405.3333 806.6667,405.3333 "
      id = "50" />
<path  style="fill:none;stroke:#000000;stroke-width:2;stroke-opacity:1"
       d="M 58,933.3334 58.16667,933.3334 58.33334,933.3334 58.5,933.3334 58.66667,933.3334 58.83334,933.3334 59,933.3334 59.16667,933.3334 59.33334,933.3334 59.5,933.3334 59.66667,933.3334 59.83334,933.3334 60,933.3334 60.16667,933.3334 60.33334,933.3334 60.5,933.3334 60.66667,933.3334 60.83334,933.3334 61,933.3334 61.16667,933.3334 61.33334,933.3334 61.5,933.3334 61.66667,933.3334 61.83334,933.3334 62,933.3334 62.16667,933.3334 "
      id = "51" />
<path  style="fill:none;stroke:#000000;stroke-width:2;stroke-opacity:1"
       d="M 57.83334,933.3334 57.66667,933.3334 57.5,933.3334 57.33334,933.3334 57.16667,933.3334 57,933.3334 56.83334,933.3334 56.66667,933.3334 56.5,933.3334 56.33334,933.3334 56.16667,933.3334 56,933.3334 55.83333,933.3334 55.66667,933.3334 55.5,933.3334 55.33333,933.3334 55.16667,933.3334 55,933.3334 54.83333,933.3334 54.66667,933.3334 54.5,933.3334 54.33333,933.3334 54.16667,933.3334 54,933.3334 "
      id = "52" />
<path  style="fill:none;stroke:#000000;stroke-width:2;stroke-opacity:1"
       d="M 134,933.3334 134.1667,933.3334 134.3333,933.3334 134.5,933.3334 134.6667,933.3334 134.8333,933.3334 135,933.3334 135.1667,933.3334 135.3333,933.3334 135.5,933.3334 135.6667,933.3334 135.8333,933.3334 136,933.3334 136.1667,933.3334 136.3333,933.3334 136.5,933.3334 136.6667,933.3334 136.8333,933.3334 137,933.3334 137.1667,933.3334 137.3333,933.3334 137.5,933.3334 137.6667,933.3334 137.8333,933.3334 138,933.3334 "
      id = "53" />
<path  style="fill:none;stroke:#000000;stroke-width:2;stroke-opacity:1"
       d="M 133.8333,933.3334 133.6667,933.3334 133.5,933.3334 133.3333,933.3334 133.1667,933.3334 133,933.3334 132.8333,933.3334 132.6667,933.3334 132.5,933.3334 132.3333,933.3334 132.1667,933.3334 132,933.3334 131.8333,933.3334 131.6667,933.3334 131.5,933.3334 131.3333,933.3334 131.1667,933.3334 131,933.3334 130.8333,933.3334 130.6667,933.3334 130.5,933.3334 130.3333,933.3334 130.1667,933.3334 130,933.3334 "
      id = "54" />
<path  style="fill:none;stroke:#000000;stroke-width:2;stroke-opacity:1"
       d="M 159.6667,933.3334 159.8333,933.3334 160,933.3334 160.1667,933.3334 160.3333,933.3334 160.5,933.3334 160.6667,933.3334 160.8333,933.3334 161,933.3334 161.1667,933.3334 161.3333,933.3334 161.5,933.3334 161.6667,933.3334 161.8333,933.3334 162,933.3334 162.1667,933.3334 162.3333,933.3334 162.5,933.3334 162.6667,933.3334 162.8333,933.3334 163,933.3334 163.1667,933.3334 163.3333,933.3334 163.5,933.3334 163.6667,933.3334 163.8333,933.3334 164,933.3334 164.1667,933.3334 164.3333,933.3334 164.5,933.3334 164.6667,933.3334 164.8333,933.3334 165,933.3334 165.1667,933.3334 165.3333,933.3334 165.5,933.3334 165.6667,933.3334 165.8333,933.3334 166,933.3334 166.1667,933.3334 166.3333,933.3334 166.5,933.3334 166.6667,933.3334 166.8333,933.3334 167,933.3334 167.1667,933.3334 167.3333,933.3334 167.5,933.3334 167.6667,933.3334 167.8333,933.3334 168,933.3334 168.1667,933.3334 168.3333,933.3334 168.5,933.3334 168.6667,933.3334 168.8333,933.3334 169,933.3334 169.1667,933.3334 169.3333,933.3334 "
      id = "55" />
<path  style="fill:none;stroke:#000000;stroke-width:2;stroke-opacity:1"
       d="M 159.5,933.3334 159.3333,933.3334 159.1667,933.3334 159,933.3334 158.8333,933.3334 158.6667,933.3334 158.5,933.3334 158.3333,933.3334 158.1667,933.3334 158,933.3334 157.8333,933.3334 157.6667,933.3334 157.5,933.3334 157.3333,933.3334 157.1667,933.3334 157,933.3334 156.8333,933.3334 156.6667,933.3334 156.5,933.3334 156.3333,933.3334 156.1667,933.3334 156,933.3334 155.8333,933.3334 155.6667,933.3334 155.5,933.3334 155.3333,933.3334 155.1667,933.3334 155,933.3334 154.8333,933.3334 154.6667,933.3334 154.5,933.3334 154.3333,933.3334 154.1667,933.3334 154,933.3334 153.8333,933.3334 153.6667,933.3334 153.5,933.3334 153.3333,933.3334 153.1667,933.3334 153,933.3334 152.8333,933.3334 152.6667,933.3334 152.5,933.3334 152.3333,933.3334 152.1667,933.3334 152,933.3334 151.8333,933.3334 151.6667,933.3334 151.5,933.3334 151.3333,933.3334 151.1667,933.3334 151,933.3334 150.8333,933.3334 150.6667,933.3334 150.5,933.3334 150.3333,933.3334 150.1667,933.3334 150,933.3334 "
      id = "56" />
<path  style="fill:none;stroke:#000000;stroke-width:2;stroke-opacity:1"
       d="M 224.3333,933.3334 224.5,933.3334 224.6667,933.3334 224.8333,933.3334 225,933.3334 225.1667,933.3334 225.3333,933.3334 225.5,933.3334 225.6667,933.3334 225.8333,933.3334 226,933.3334 226.1667,933.3334 226.3333,933.3334 226.5,933.3334 226.6667,933.3334 226.8333,933.3334 227,933.3334 227.1667,933.3334 227.3333,933.3334 227.5,933.3334 227.6667,933.3334 227.8333,933.3334 228,933.3334 228.1667,933.3334 228.3333,933.3334 228.5,933.3334 228.6667,933.3334 228.8333,933.3334 229,933.3334 229.1667,933.3334 229.3333,933.3334 229.5,933.3334 229.6667,933.3334 229.8333,933.3334 230,933.3334 230.1667,933.3334 230.3333,933.3334 230.5,933.3334 230.6667,933.3334 230.8333,933.3334 231,933.3334 231.1667,933.3334 231.3333,933.3334 231.5,933.3334 231.6667,933.3334 231.8333,933.3334 232,933.3334 232.1667,933.3334 232.3333,933.3334 232.5,933.3334 232.6667,933.3334 232.8333,933.3334 233,933.3334 233.1667,933.3334 233.3333,933.3334 233.5,933.3334 233.6667,933.3334 233.8333,933.3334 234,933.3334 "
      id = "57" />
<path  style="fill:none;stroke:#000000;stroke-width:2;stroke-opacity:1"
       d="M 224.1667,933.3334 224,933.3334 223.8333,933.3334 223.6667,933.3334 223.5,933.3334 223.3333,933.3334 223.1667,933.3334 223,933.3334 222.8333,933.3334 222.6667,933.3334 222.5,933.3334 222.3333,933.3334 222.1667,933.3334 222,933.3334 221.8333,933.3334 221.6667,933.3334 221.5,933.3334 221.3333,933.3334 221.1667,933.3334 221,933.3334 220.8333,933.3334 220.6667,933.3334 220.5,933.3334 220.3333,933.3334 220.1667,933.3334 220,933.3334 219.8333,933.3334 219.6667,933.3334 219.5,933.3334 219.3333,933.3334 219.1667,933.3334 219,933.3334 218.8333,933.3334 218.6667,933.3334 218.5,933.3334 218.3333,933.3334 218.1667,933.3334 218,933.3334 217.8333,933.3334 217.6667,933.3334 217.5,933.3334 217.3333,933.3334 217.1667,933.3334 217,933.3334 216.8333,933.3334 216.6667,933.3334 216.5,933.3334 216.3333,933.3334 216.1667,933.3334 216,933.3334 215.8333,933.3334 215.6667,933.3334 215.5,933.3334 215.3333,933.3334 215.1667,933.3334 215,933.3334 214.8333,933.3334 214.6667,933.3334 "
      id = "58" />
<path  style="fill:none;stroke:#000000;stroke-width:2;stroke-opacity:1"
       d="M 288,933.3334 288.1667,933.3334 288.3333,933.3334 288.5,933.3334 288.6667,933.3334 288.8333,933.3334 289,933.3334 289.1667,933.3334 289.3333,933.3334 289.5,933.3334 289.6667,933.3334 289.8333,933.3334 290,933.3334 290.1667,933.3334 290.3333,933.3334 290.5,933.3334 290.6667,933.3334 290.8333,933.3334 291,933.3334 291.1667,933.3334 291.3333,933.3334 291.5,933.3334 291.6667,933.3334 291.8333,933.3334 292,933.3334 292.1667,933.3334 292.3333,933.3334 292.5,933.3334 292.6667,933.3334 292.8333,933.3334 293,933.3334 293.1667,933.3334 293.3333,933.3334 293.5,933.3334 293.6667,933.3334 293.8333,933.3334 294,933.3334 294.1667,933.3334 294.3333,933.3334 294.5,933.3334 294.6667,933.3334 294.8333,933.3334 295,933.3334 295.1667,933.3334 295.3333,933.3334 295.5,933.3334 295.6667,933.3334 295.8333,933.3334 296,933.3334 296.1667,933.3334 296.3333,933.3334 296.5,933.3334 296.6667,933.3334 296.8333,933.3334 297,933.3334 297.1667,933.3334 297.3333,933.3334 297.5,933.3334 297.6667,933.3334 297.8333,933.3334 298,933.3334 298.1667,933.3334 298.3333,933.3334 298.5,933.3334 298.6667,933.3334 298.8333,933.3334 299,933.3334 299.1667,933.3334 299.3333,933.3334 299.5,933.3334 299.6667,933.3334 299.8333,933.3334 300,933.3334 300.1667,933.3334 300.3333,933.3334 300.5,933.3334 300.6667,933.3334 300.8333,933.3334 301,933.3334 301.1667,933.3334 301.3333,933.3334 301.5,933.3334 301.6667,933.3334 301.8333,933.3334 302,933.3334 302.1667,933.3334 302.3333,933.3334 302.5,933.3334 302.6667,933.3334 302.8333,933.3334 303,933.3334 303.1667,933.3334 303.3333,933.3334 303.5,933.3334 303.6667,933.3334 303.8333,933.3334 304,933.3334 304.1667,933.3334 304.3333,933.3334 304.5,933.3334 304.6667,933.3334 304.8333,933.3334 305,933.3334 305.1667,933.3334 305.3333,933.3334 305.5,933.3334 305.6667,933.3334 305.8333,933.3334 306,933.3334 306.1667,933.3334 306.3333,933.3334 306.5,933.3334 306.6667,933.3334 306.8333,933.3334 307,933.3334 307.1667,933.3334 307.3333,933.3334 307.5,933.3334 307.6667,933.3334 307.8333,933.3334 308,933.3334 308.1667,933.3334 308.3333,933.3334 308.5,933.3334 308.6667,933.3334 308.8333,933.3334 309,933.3334 309.1667,933.3334 309.3333,933.3334 309.5,933.3334 309.6667,933.3334 309.8333,933.3334 310,933.3334 310.1667,933.3334 310.3333,933.3334 310.5,933.3334 310.6667,933.3334 310.8333,933.3334 311,933.3334 311.1667,933.3334 311.3333,933.3334 311.5,933.3334 311.6667,933.3334 311.8333,933.3334 312,933.3334 312.1667,933.3334 312.3333,933.3334 312.5,933.3334 312.6667,933.3334 312.8333,933.3334 313,933.3334 313.1667,933.3334 313.3333,933.3334 313.5,933.3334 313.6667,933.3334 313.8333,933.3334 314,933.3334 314.1667,933.3334 314.3333,933.3334 314.5,933.3334 314.6667,933.3334 314.8333,933.3334 315,933.3334 315.1667,933.3334 315.3333,933.3334 315.5,933.3334 315.6667,933.3334 315.8333,933.3334 316,933.3334 316.1667,933.3334 316.3333,933.3334 316.5,933.3334 316.6667,933.3334 316.8333,933.3334 317,933.3334 317.1667,933.3334 317.3333,933.3334 317.5,933.3334 317.6667,933.3334 317.8333,933.3334 318,933.3334 318.1667,933.3334 318.3333,933.3334 318.5,933.3334 318.6667,933.3334 318.8333,933.3334 319,933.3334 319.1667,933.3334 319.3333,933.3334 319.5,933.3334 319.6667,933.3334 319.8333,933.3334 320,933.3334 320.1667,933.3334 320.3333,933.3334 320.5,933.3334 320.6667,933.3334 320.8333,933.3334 321,933.3334 321.1667,933.3334 321.3333,933.3334 321.5,933.3334 "
      id = "59" />
<path  style="fill:none;stroke:#000000;stroke-width:2;stroke-opacity:1"
       d="M 287.8333,933.3334 287.6667,933.3334 287.5,933.3334 287.3333,933.3334 287.1667,933.3334 287,933.3334 286.8333,933.3334 286.6667,933.3334 286.5,933.3334 286.3333,933.3334 286.1667,933.3334 286,933.3334 285.8333,933.3334 285.6667,933.3334 285.5,933.3334 285.3333,933.3334 285.1667,933.3334 285,933.3334 284.8333,933.3334 284.6667,933.3334 284.5,933.3334 284.3333,933.3334 284.1667,933.3334 284,933.3334 283.8333,933.3334 283.6667,933.3334 283.5,933.3334 283.3333,933.3334 283.1667,933.3334 283,933.3334 282.8333,933.3334 282.6667,933.3334 282.5,933.3334 282.3333,933.3334 282.1667,933.3334 282,933.3334 281.8333,933.3334 281.6667,933.3334 281.5,933.3334 281.3333,933.3334 281.1667,933.3334 281,933.3334 280.8333,933.3334 280.6667,933.3334 280.5,933.3334 280.3333,933.3334 280.1667,933.3334 280,933.3334 279.8333,933.3334 279.6667,933.3334 279.5,933.3334 279.3333,933.3334 279.1667,933.3334 279,933.3334 278.8333,933.3334 278.6667,933.3334 278.5,933.3334 278.3333,933.3334 278.1667,933.3334 278,933.3334 277.8333,933.3334 277.6667,933.3334 277.5,933.3334 277.3333,933.3334 277.1667,933.3334 277,933.3334 276.8333,933.3334 276.6667,933.3334 276.5,933.3334 276.3333,933.3334 276.1667,933.3334 276,933.3334 275.8333,933.3334 275.6667,933.3334 275.5,933.3334 275.3333,933.3334 275.1667,933.3334 275,933.3334 274.8333,933.3334 274.6667,933.3334 274.5,933.3334 274.3333,933.3334 274.1667,933.3334 274,933.3334 273.8333,933.3334 273.6667,933.3334 273.5,933.3334 273.3333,933.3334 273.1667,933.3334 273,933.3334 272.8333,933.3334 272.6667,933.3334 272.5,933.3334 272.3333,933.3334 272.1667,933.3334 272,933.3334 271.8333,933.3334 271.6667,933.3334 271.5,933.3334 271.3333,933.3334 271.1667,933.3334 271,933.3334 270.8333,933.3334 270.6667,933.3334 270.5,933.3334 270.3333,933.3334 270.1667,933.3334 270,933.3334 269.8333,933.3334 269.6667,933.3334 269.5,933.3334 269.3333,933.3334 269.1667,933.3334 269,933.3334 268.8333,933.3334 268.6667,933.3334 268.5,933.3334 268.3333,933.3334 268.1667,933.3334 268,933.3334 267.8333,933.3334 267.6667,933.3334 267.5,933.3334 267.3333,933.3334 267.1667,933.3334 267,933.3334 266.8333,933.3334 266.6667,933.3334 266.5,933.3334 266.3333,933.3334 266.1667,933.3334 266,933.3334 265.8333,933.3334 265.6667,933.3334 265.5,933.3334 265.3333,933.3334 265.1667,933.3334 265,933.3334 264.8333,933.3334 264.6667,933.3334 264.5,933.3334 264.3333,933.3334 264.1667,933.3334 264,933.3334 263.8333,933.3334 263.6667,933.3334 263.5,933.3334 263.3333,933.3334 263.1667,933.3334 263,933.3334 262.8333,933.3334 262.6667,933.3334 262.5,933.3334 262.3333,933.3334 262.1667,933.3334 262,933.3334 261.8333,933.3334 261.6667,933.3334 261.5,933.3334 261.3333,933.3334 261.1667,933.3334 261,933.3334 260.8333,933.3334 260.6667,933.3334 260.5,933.3334 260.3333,933.3334 260.1667,933.3334 260,933.3334 259.8333,933.3334 259.6667,933.3334 259.5,933.3334 259.3333,933.3334 259.1667,933.3334 259,933.3334 258.8333,933.3334 258.6667,933.3334 258.5,933.3334 258.3333,933.3334 258.1667,933.3334 258,933.3334 257.8333,933.3334 257.6667,933.3334 257.5,933.3334 257.3333,933.3334 257.1667,933.3334 257,933.3334 256.8333,933.3334 256.6667,933.3334 256.5,933.3334 256.3333,933.3334 256.1667,933.3334 256,933.3334 255.8333,933.3334 255.6667,933.3334 255.5,933.3334 255.3333,933.3334 255.1667,933.3334 255,933.3334 254.8333,933.3334 254.6667,933.3334 254.5,933.3334 "
      id = "60" />
<path  style="fill:none;stroke:#000000;stroke-width:2;stroke-opacity:1"
       d="M 345.5,933.3334 345.6667,933.3334 345.8333,933.3334 346,933.3334 346.1667,933.3334 346.3333,933.3334 346.5,933.3334 346.6667,933.3334 346.8333,933.3334 347,933.3334 347.1667,933.3334 347.3333,933.3334 347.5,933.3334 347.6667,933.3334 347.8333,933.3334 348,933.3334 348.1667,933.3334 348.3333,933.3334 348.5,933.3334 348.6667,933.3334 348.8333,933.3334 349,933.3334 349.1667,933.3334 "
      id = "61" />
<path  style="fill:none;stroke:#000000;stroke-width:2;stroke-opacity:1"
       d="M 345.3333,933.3334 345.1667,933.3334 345,933.3334 344.8333,933.3334 344.6667,933.3334 344.5,933.3334 344.3333,933.3334 344.1667,933.3334 344,933.3334 343.8333,933.3334 343.6667,933.3334 343.5,933.3334 343.3333,933.3334 343.1667,933.3334 343,933.3334 342.8333,933.3334 342.6667,933.3334 342.5,933.3334 342.3333,933.3334 342.1667,933.3334 342,933.3334 "
      id = "62" />
<path  style="fill:none;stroke:#000000;stroke-width:2;stroke-opacity:1"
       d="M 364,933.3334 364.1667,933.3334 364.3333,933.3334 364.5,933.3334 364.6667,933.3334 364.8333,933.3334 365,933.3334 365.1667,933.3334 "
      id = "63" />
<path  style="fill:none;stroke:#000000;stroke-width:2;stroke-opacity:1"
       d="M 363.8333,933.3334 363.6667,933.3334 363.5,933.3334 363.3333,933.3334 363.1667,933.3334 363,933.3334 362.8333,933.3334 "
      id = "64" />
<path  style="fill:none;stroke:#000000;stroke-width:2;stroke-opacity:1"
       d="M 373.3333,933.3334 373.5,933.3334 373.1667,933.3334 373.3333,933.3334 "
      id = "65" />
<path  style="fill:none;stroke:#000000;stroke-width:2;stroke-opacity:1"
       d="M 375.5,933.3334 375.6667,933.3334 375.8333,933.3334 376,933.3334 376.1667,933.3334 376.3333,933.3334 376.5,933.3334 "
      id = "66" />
<path  style="fill:none;stroke:#000000;stroke-width:2;stroke-opacity:1"
       d="M 375.3333,933.3334 375.1667,933.3334 375,933.3334 374.8333,933.3334 374.6667,933.3334 375.3333,933.3334 "
      id = "67" />
<path  style="fill:none;stroke:#000000;stroke-width:2;stroke-opacity:1"
       d="M 391.3333,933.3334 391.5,933.3334 391.6667,933.3334 391.8333,933.3334 392,933.3334 392.1667,933.3334 392.3333,933.3334 392.5,933.3334 392.6667,933.3334 392.8333,933.3334 393,933.3334 393.1667,933.3334 393.3333,933.3334 393.5,933.3334 393.6667,933.3334 393.8333,933.3334 394,933.3334 394.1667,933.3334 394.3333,933.3334 394.5,933.3334 394.6667,933.3334 394.8333,933.3334 395,933.3334 395.1667,933.3334 395.3333,933.3334 395.5,933.3334 395.6667,933.3334 395.8333,933.3334 396,933.3334 396.1667,933.3334 396.3333,933.3334 396.5,933.3334 396.6667,933.3334 396.8333,933.3334 397,933.3334 397.1667,933.3334 397.3333,933.3334 397.5,933.3334 397.6667,933.3334 "
      id = "68" />
<path  style="fill:none;stroke:#000000;stroke-width:2;stroke-opacity:1"
       d="M 391.1667,933.3334 391,933.3334 390.8333,933.3334 390.6667,933.3334 390.5,933.3334 390.3333,933.3334 390.1667,933.3334 390,933.3334 389.8333,933.3334 389.6667,933.3334 389.5,933.3334 389.3333,933.3334 389.1667,933.3334 389,933.3334 388.8333,933.3334 388.6667,933.3334 388.5,933.3334 388.3333,933.3334 388.1667,933.3334 388,933.3334 387.8333,933.3334 387.6667,933.3334 387.5,933.3334 387.3333,933.3334 387.1667,933.3334 387,933.3334 386.8333,933.3334 386.6667,933.3334 386.5,933.3334 386.3333,933.3334 386.1667,933.3334 386,933.3334 385.8333,933.3334 385.6667,933.3334 385.5,933.3334 385.3333,933.3334 385.1667,933.3334 "
      id = "69" />
<path  style="fill:none;stroke:#000000;stroke-width:2;stroke-opacity:1"
       d="M 424.6667,933.3334 424.8333,933.3334 425,933.3334 425.1667,933.3334 425.3333,933.3334 425.5,933.3334 425.6667,933.3334 425.8333,933.3334 426,933.3334 "
      id = "70" />
<path  style="fill:none;stroke:#000000;stroke-width:2;stroke-opacity:1"
       d="M 424.5,933.3334 424.3333,933.3334 424.1667,933.3334 424,933.3334 423.8333,933.3334 423.6667,933.3334 423.5,933.3334 "
      id = "71" />
<path  style="fill:none;stroke:#000000;stroke-width:2;stroke-opacity:1"
       d="M 441.1667,933.3334 441.3333,933.3334 441.5,933.3334 441.6667,933.3334 441.8333,933.3334 442,933.3334 442.1667,933.3334 442.3333,933.3334 442.5,933.3334 442.6667,933.3334 442.8333,933.3334 443,933.3334 443.1667,933.3334 443.3333,933.3334 443.5,933.3334 443.6667,933.3334 443.8333,933.3334 444,933.3334 444.1667,933.3334 444.3333,933.3334 "
      id = "72" />
<path  style="fill:none;stroke:#000000;stroke-width:2;stroke-opacity:1"
       d="M 441,933.3334 440.8333,933.3334 440.6667,933.3334 440.5,933.3334 440.3333,933.3334 440.1667,933.3334 440,933.3334 439.8333,933.3334 439.6667,933.3334 439.5,933.3334 439.3333,933.3334 439.1667,933.3334 439,933.3334 438.8333,933.3334 438.6667,933.3334 438.5,933.3334 438.3333,933.3334 438.1667,933.3334 438,933.3334 "
      id = "73" />
<path  style="fill:none;stroke:#000000;stroke-width:2;stroke-opacity:1"
       d="M 447.5,933.3334 447.6667,933.3334 447.8333,933.3334 448,933.3334 448.1667,933.3334 448.3333,933.3334 "
      id = "74" />
<path  style="fill:none;stroke:#000000;stroke-width:2;stroke-opacity:1"
       d="M 447.3333,933.3334 447.1667,933.3334 447,933.3334 446.8333,933.3334 446.6667,933.3334 447.3333,933.3334 "
      id = "75" />
<path  style="fill:none;stroke:#000000;stroke-width:2;stroke-opacity:1"
       d="M 455.1667,933.3334 455.3333,933.3334 455.5,933.3334 455.6667,933.3334 455.8333,933.3334 456,933.3334 456.1667,933.3334 "
      id = "76" />
<path  style="fill:none;stroke:#000000;stroke-width:2;stroke-opacity:1"
       d="M 455,933.3334 454.8333,933.3334 454.6667,933.3334 454.5,933.3334 454.3333,933.3334 455,933.3334 "
      id = "77" />
<path  style="fill:none;stroke:#000000;stroke-width:2;stroke-opacity:1"
       d="M 463,933.3334 463.1667,933.3334 463.3333,933.3334 463.5,933.3334 463.6667,933.3334 463.8333,933.3334 464,933.3334 464.1667,933.3334 464.3333,933.3334 464.5,933.3334 464.6667,933.3334 464.8333,933.3334 465,933.3334 465.1667,933.3334 465.3333,933.3334 465.5,933.3334 465.6667,933.3334 465.8333,933.3334 466,933.3334 466.1667,933.3334 466.3333,933.3334 466.5,933.3334 466.6667,933.3334 466.8333,933.3334 467,933.3334 467.1667,933.3334 467.3333,933.3334 "
      id = "78" />
<path  style="fill:none;stroke:#000000;stroke-width:2;stroke-opacity:1"
       d="M 462.8333,933.3334 462.6667,933.3334 462.5,933.3334 462.3333,933.3334 462.1667,933.3334 462,933.3334 461.8333,933.3334 461.6667,933.3334 461.5,933.3334 461.3333,933.3334 461.1667,933.3334 461,933.3334 460.8333,933.3334 460.6667,933.3334 460.5,933.3334 460.3333,933.3334 460.1667,933.3334 460,933.3334 459.8333,933.3334 459.6667,933.3334 459.5,933.3334 459.3333,933.3334 459.1667,933.3334 459,933.3334 458.8333,933.3334 458.6667,933.3334 "
      id = "79" />
<path  style="fill:none;stroke:#000000;stroke-width:2;stroke-opacity:1"
       d="M 477.3333,933.3334 477.5,933.3334 477.6667,933.3334 477.8333,933.3334 478,933.3334 478.1667,933.3334 478.3333,933.3334 478.5,933.3334 478.6667,933.3334 "
      id = "80" />
<path  style="fill:none;stroke:#000000;stroke-width:2;stroke-opacity:1"
       d="M 477.1667,933.3334 477,933.3334 476.8333,933.3334 476.6667,933.3334 476.5,933.3334 476.3333,933.3334 476.1667,933.3334 "
      id = "81" />
<path  style="fill:none;stroke:#000000;stroke-width:2;stroke-opacity:1"
       d="M 496.8333,933.3334 497,933.3334 497.1667,933.3334 497.3333,933.3334 497.5,933.3334 497.6667,933.3334 497.8333,933.3334 498,933.3334 498.1667,933.3334 498.3333,933.3334 498.5,933.3334 498.6667,933.3334 498.8333,933.3334 499,933.3334 499.1667,933.3334 499.3333,933.3334 499.5,933.3334 499.6667,933.3334 499.8333,933.3334 500,933.3334 500.1667,933.3334 500.3333,933.3334 500.5,933.3334 500.6667,933.3334 "
      id = "82" />
<path  style="fill:none;stroke:#000000;stroke-width:2;stroke-opacity:1"
       d="M 496.6667,933.3334 496.5,933.3334 496.3333,933.3334 496.1667,933.3334 496,933.3334 495.8333,933.3334 495.6667,933.3334 495.5,933.3334 495.3333,933.3334 495.1667,933.3334 495,933.3334 494.8333,933.3334 494.6667,933.3334 494.5,933.3334 494.3333,933.3334 494.1667,933.3334 494,933.3334 493.8333,933.3334 493.6667,933.3334 493.5,933.3334 493.3333,933.3334 493.1667,933.3334 "
      id = "83" />
<path  style="fill:none;stroke:#000000;stroke-width:2;stroke-opacity:1"
       d="M 508.3333,933.3334 508.5,933.3334 508.6667,933.3334 508.8333,933.3334 509,933.3334 509.1667,933.3334 509.3333,933.3334 509.5,933.3334 509.6667,933.3334 509.8333,933.3334 510,933.3334 510.1667,933.3334 510.3333,933.3334 510.5,933.3334 510.6667,933.3334 510.8333,933.3334 511,933.3334 511.1667,933.3334 511.3333,933.3334 511.5,933.3334 511.6667,933.3334 511.8333,933.3334 512,933.3334 512.1667,933.3334 512.3334,933.3334 512.5,933.3334 "
      id = "84" />
<path  style="fill:none;stroke:#000000;stroke-width:2;stroke-opacity:1"
       d="M 508.1667,933.3334 508,933.3334 507.8333,933.3334 507.6667,933.3334 507.5,933.3334 507.3333,933.3334 507.1667,933.3334 507,933.3334 506.8333,933.3334 506.6667,933.3334 506.5,933.3334 506.3333,933.3334 506.1667,933.3334 506,933.3334 505.8333,933.3334 505.6667,933.3334 505.5,933.3334 505.3333,933.3334 505.1667,933.3334 505,933.3334 504.8333,933.3334 504.6667,933.3334 504.5,933.3334 504.3333,933.3334 "
      id = "85" />
<path  style="fill:none;stroke:#000000;stroke-width:2;stroke-opacity:1"
       d="M 518,933.3334 518.1667,933.3334 518.3334,933.3334 518.5,933.3334 518.6667,933.3334 518.8334,933.3334 519,933.3334 519.1667,933.3334 519.3334,933.3334 519.5,933.3334 519.6667,933.3334 519.8334,933.3334 520,933.3334 520.1667,933.3334 520.3334,933.3334 520.5,933.3334 520.6667,933.3334 520.8334,933.3334 521,933.3334 521.1667,933.3334 521.3334,933.3334 521.5,933.3334 521.6667,933.3334 521.8334,933.3334 522,933.3334 "
      id = "86" />
<path  style="fill:none;stroke:#000000;stroke-width:2;stroke-opacity:1"
       d="M 517.8334,933.3334 517.6667,933.3334 517.5,933.3334 517.3334,933.3334 517.1667,933.3334 517,933.3334 516.8334,933.3334 516.6667,933.3334 516.5,933.3334 516.3334,933.3334 516.1667,933.3334 516,933.3334 515.8334,933.3334 515.6667,933.3334 515.5,933.3334 515.3334,933.3334 515.1667,933.3334 515,933.3334 514.8334,933.3334 514.6667,933.3334 514.5,933.3334 514.3334,933.3334 514.1667,933.3334 "
      id = "87" />
<path  style="fill:none;stroke:#000000;stroke-width:2;stroke-opacity:1"
       d="M 551.6667,933.3334 551.8334,933.3334 552,933.3334 552.1667,933.3334 552.3334,933.3334 552.5,933.3334 552.6667,933.3334 552.8334,933.3334 553,933.3334 553.1667,933.3334 553.3334,933.3334 553.5,933.3334 553.6667,933.3334 553.8334,933.3334 554,933.3334 554.1667,933.3334 554.3334,933.3334 554.5,933.3334 554.6667,933.3334 554.8334,933.3334 555,933.3334 555.1667,933.3334 555.3334,933.3334 555.5,933.3334 555.6667,933.3334 555.8334,933.3334 556,933.3334 556.1667,933.3334 556.3334,933.3334 556.5,933.3334 556.6667,933.3334 556.8334,933.3334 557,933.3334 557.1667,933.3334 557.3334,933.3334 557.5,933.3334 557.6667,933.3334 557.8334,933.3334 558,933.3334 558.1667,933.3334 558.3334,933.3334 558.5,933.3334 558.6667,933.3334 558.8334,933.3334 559,933.3334 559.1667,933.3334 559.3334,933.3334 559.5,933.3334 559.6667,933.3334 559.8334,933.3334 560,933.3334 560.1667,933.3334 560.3334,933.3334 560.5,933.3334 560.6667,933.3334 560.8334,933.3334 561,933.3334 561.1667,933.3334 561.3334,933.3334 561.5,933.3334 "
      id = "88" />
<path  style="fill:none;stroke:#000000;stroke-width:2;stroke-opacity:1"
       d="M 551.5,933.3334 551.3334,933.3334 551.1667,933.3334 551,933.3334 550.8334,933.3334 550.6667,933.3334 550.5,933.3334 550.3334,933.3334 550.1667,933.3334 550,933.3334 549.8334,933.3334 549.6667,933.3334 549.5,933.3334 549.3334,933.3334 549.1667,933.3334 549,933.3334 548.8334,933.3334 548.6667,933.3334 548.5,933.3334 548.3334,933.3334 548.1667,933.3334 548,933.3334 547.8334,933.3334 547.6667,933.3334 547.5,933.3334 547.3334,933.3334 547.1667,933.3334 547,933.3334 546.8334,933.3334 546.6667,933.3334 546.5,933.3334 546.3334,933.3334 546.1667,933.3334 546,933.3334 545.8334,933.3334 545.6667,933.3334 545.5,933.3334 545.3334,933.3334 545.1667,933.3334 545,933.3334 544.8334,933.3334 544.6667,933.3334 544.5,933.3334 544.3334,933.3334 544.1667,933.3334 544,933.3334 543.8334,933.3334 543.6667,933.3334 543.5,933.3334 543.3334,933.3334 543.1667,933.3334 543,933.3334 542.8334,933.3334 542.6667,933.3334 542.5,933.3334 542.3334,933.3334 542.1667,933.3334 542,933.3334 "
      id = "89" />
<path  style="fill:none;stroke:#000000;stroke-width:2;stroke-opacity:1"
       d="M 572.3334,933.3334 572.5,933.3334 572.6667,933.3334 572.8334,933.3334 573,933.3334 573.1667,933.3334 573.3334,933.3334 573.5,933.3334 573.6667,933.3334 573.8334,933.3334 574,933.3334 574.1667,933.3334 574.3334,933.3334 574.5,933.3334 574.6667,933.3334 574.8334,933.3334 575,933.3334 575.1667,933.3334 575.3334,933.3334 575.5,933.3334 575.6667,933.3334 575.8334,933.3334 576,933.3334 576.1667,933.3334 576.3334,933.3334 576.5,933.3334 "
      id = "90" />
<path  style="fill:none;stroke:#000000;stroke-width:2;stroke-opacity:1"
       d="M 572.1667,933.3334 572,933.3334 571.8334,933.3334 571.6667,933.3334 571.5,933.3334 571.3334,933.3334 571.1667,933.3334 571,933.3334 570.8334,933.3334 570.6667,933.3334 570.5,933.3334 570.3334,933.3334 570.1667,933.3334 570,933.3334 569.8334,933.3334 569.6667,933.3334 569.5,933.3334 569.3334,933.3334 569.1667,933.3334 569,933.3334 568.8334,933.3334 568.6667,933.3334 568.5,933.3334 568.3334,933.3334 568.1667,933.3334 "
      id = "91" />
<path  style="fill:none;stroke:#000000;stroke-width:2;stroke-opacity:1"
       d="M 580.1667,933.3334 580.3334,933.3334 580.5,933.3334 580.6667,933.3334 580.8334,933.3334 581,933.3334 581.1667,933.3334 581.3334,933.3334 581.5,933.3334 581.6667,933.3334 581.8334,933.3334 "
      id = "92" />
<path  style="fill:none;stroke:#000000;stroke-width:2;stroke-opacity:1"
       d="M 580,933.3334 579.8334,933.3334 579.6667,933.3334 579.5,933.3334 579.3334,933.3334 579.1667,933.3334 579,933.3334 578.8334,933.3334 578.6667,933.3334 578.5,933.3334 "
      id = "93" />
<path  style="fill:none;stroke:#000000;stroke-width:2;stroke-opacity:1"
       d="M 588,933.3334 588.1667,933.3334 588.3334,933.3334 588.5,933.3334 588.6667,933.3334 588.8334,933.3334 589,933.3334 589.1667,933.3334 589.3334,933.3334 589.5,933.3334 589.6667,933.3334 "
      id = "94" />
<path  style="fill:none;stroke:#000000;stroke-width:2;stroke-opacity:1"
       d="M 587.8334,933.3334 587.6667,933.3334 587.5,933.3334 587.3334,933.3334 587.1667,933.3334 587,933.3334 586.8334,933.3334 586.6667,933.3334 586.5,933.3334 "
      id = "95" />
<path  style="fill:none;stroke:#000000;stroke-width:2;stroke-opacity:1"
       d="M 592,933.3334 592.1667,933.3334 592.3334,933.3334 592.5,933.3334 592.6667,933.3334 592.8334,933.3334 593,933.3334 593.1667,933.3334 593.3334,933.3334 593.5,933.3334 593.6667,933.3334 "
      id = "96" />
<path  style="fill:none;stroke:#000000;stroke-width:2;stroke-opacity:1"
       d="M 591.8334,933.3334 591.6667,933.3334 591.5,933.3334 591.3334,933.3334 591.1667,933.3334 591,933.3334 590.8334,933.3334 590.6667,933.3334 590.5,933.3334 "
      id = "97" />
<path  style="fill:none;stroke:#000000;stroke-width:2;stroke-opacity:1"
       d="M 603.3334,933.3334 603.5,933.3334 603.6667,933.3334 603.8334,933.3334 604,933.3334 604.1667,933.3334 604.3334,933.3334 604.5,933.3334 604.6667,933.3334 604.8334,933.3334 605,933.3334 605.1667,933.3334 605.3334,933.3334 605.5,933.3334 605.6667,933.3334 605.8334,933.3334 606,933.3334 606.1667,933.3334 606.3334,933.3334 606.5,933.3334 606.6667,933.3334 606.8334,933.3334 607,933.3334 607.1667,933.3334 607.3334,933.3334 607.5,933.3334 607.6667,933.3334 607.8334,933.3334 608,933.3334 608.1667,933.3334 608.3334,933.3334 608.5,933.3334 608.6667,933.3334 608.8334,933.3334 609,933.3334 609.1667,933.3334 609.3334,933.3334 609.5,933.3334 609.6667,933.3334 609.8334,933.3334 610,933.3334 610.1667,933.3334 610.3334,933.3334 610.5,933.3334 610.6667,933.3334 610.8334,933.3334 "
      id = "98" />
<path  style="fill:none;stroke:#000000;stroke-width:2;stroke-opacity:1"
       d="M 603.1667,933.3334 603,933.3334 602.8334,933.3334 602.6667,933.3334 602.5,933.3334 602.3334,933.3334 602.1667,933.3334 602,933.3334 601.8334,933.3334 601.6667,933.3334 601.5,933.3334 601.3334,933.3334 601.1667,933.3334 601,933.3334 600.8334,933.3334 600.6667,933.3334 600.5,933.3334 600.3334,933.3334 600.1667,933.3334 600,933.3334 599.8334,933.3334 599.6667,933.3334 599.5,933.3334 599.3334,933.3334 599.1667,933.3334 599,933.3334 598.8334,933.3334 598.6667,933.3334 598.5,933.3334 598.3334,933.3334 598.1667,933.3334 598,933.3334 597.8334,933.3334 597.6667,933.3334 597.5,933.3334 597.3334,933.3334 597.1667,933.3334 597,933.3334 596.8334,933.3334 596.6667,933.3334 596.5,933.3334 596.3334,933.3334 596.1667,933.3334 596,933.3334 "
      id = "99" />
<path  style="fill:none;stroke:#000000;stroke-width:2;stroke-opacity:1"
       d="M 616.1667,933.3334 616.3334,933.3334 616.5,933.3334 616.6667,933.3334 616.8334,933.3334 617,933.3334 "
      id = "100" />
<path  style="fill:none;stroke:#000000;stroke-width:2;stroke-opacity:1"
       d="M 616,933.3334 615.8334,933.3334 615.6667,933.3334 615.5,933.3334 616,933.3334 "
      id = "101" />
<path  style="fill:none;stroke:#000000;stroke-width:2;stroke-opacity:1"
       d="M 672,933.3334 672.1667,933.3334 672.3334,933.3334 672.5,933.3334 672.6667,933.3334 672.8334,933.3334 673,933.3334 673.1667,933.3334 673.3334,933.3334 673.5,933.3334 673.6667,933.3334 673.8334,933.3334 674,933.3334 674.1667,933.3334 674.3334,933.3334 674.5,933.3334 674.6667,933.3334 674.8334,933.3334 675,933.3334 675.1667,933.3334 675.3334,933.3334 675.5,933.3334 675.6667,933.3334 675.8334,933.3334 676,933.3334 676.1667,933.3334 676.3334,933.3334 676.5,933.3334 676.6667,933.3334 676.8334,933.3334 677,933.3334 677.1667,933.3334 677.3334,933.3334 677.5,933.3334 677.6667,933.3334 677.8334,933.3334 678,933.3334 678.1667,933.3334 678.3334,933.3334 678.5,933.3334 678.6667,933.3334 678.8334,933.3334 679,933.3334 679.1667,933.3334 679.3334,933.3334 679.5,933.3334 679.6667,933.3334 679.8334,933.3334 680,933.3334 680.1667,933.3334 680.3334,933.3334 680.5,933.3334 680.6667,933.3334 680.8334,933.3334 681,933.3334 681.1667,933.3334 681.3334,933.3334 681.5,933.3334 681.6667,933.3334 681.8334,933.3334 682,933.3334 682.1667,933.3334 682.3334,933.3334 682.5,933.3334 682.6667,933.3334 682.8334,933.3334 683,933.3334 683.1667,933.3334 683.3334,933.3334 683.5,933.3334 683.6667,933.3334 683.8334,933.3334 684,933.3334 684.1667,933.3334 684.3334,933.3334 684.5,933.3334 684.6667,933.3334 684.8334,933.3334 685,933.3334 685.1667,933.3334 685.3334,933.3334 685.5,933.3334 685.6667,933.3334 685.8334,933.3334 686,933.3334 686.1667,933.3334 686.3334,933.3334 686.5,933.3334 686.6667,933.3334 686.8334,933.3334 687,933.3334 687.1667,933.3334 687.3334,933.3334 687.5,933.3334 687.6667,933.3334 687.8334,933.3334 688,933.3334 688.1667,933.3334 688.3334,933.3334 688.5,933.3334 688.6667,933.3334 688.8334,933.3334 689,933.3334 689.1667,933.3334 689.3334,933.3334 689.5,933.3334 689.6667,933.3334 689.8334,933.3334 690,933.3334 690.1667,933.3334 690.3334,933.3334 690.5,933.3334 690.6667,933.3334 690.8334,933.3334 691,933.3334 691.1667,933.3334 691.3334,933.3334 691.5,933.3334 691.6667,933.3334 691.8334,933.3334 692,933.3334 692.1667,933.3334 692.3334,933.3334 692.5,933.3334 692.6667,933.3334 692.8334,933.3334 693,933.3334 693.1667,933.3334 693.3334,933.3334 693.5,933.3334 693.6667,933.3334 693.8334,933.3334 694,933.3334 694.1667,933.3334 694.3334,933.3334 694.5,933.3334 694.6667,933.3334 694.8334,933.3334 695,933.3334 695.1667,933.3334 695.3334,933.3334 695.5,933.3334 695.6667,933.3334 695.8334,933.3334 696,933.3334 696.1667,933.3334 696.3334,933.3334 696.5,933.3334 696.6667,933.3334 696.8334,933.3334 697,933.3334 697.1667,933.3334 697.3334,933.3334 697.5,933.3334 697.6667,933.3334 697.8334,933.3334 698,933.3334 698.1667,933.3334 698.3334,933.3334 698.5,933.3334 698.6667,933.3334 698.8334,933.3334 699,933.3334 699.1667,933.3334 699.3334,933.3334 699.5,933.3334 699.6667,933.3334 699.8334,933.3334 700,933.3334 700.1667,933.3334 700.3334,933.3334 700.5,933.3334 700.6667,933.3334 700.8334,933.3334 701,933.3334 701.1667,933.3334 701.3334,933.3334 701.5,933.3334 701.6667,933.3334 701.8334,933.3334 702,933.3334 702.1667,933.3334 702.3334,933.3334 702.5,933.3334 702.6667,933.3334 702.8334,933.3334 703,933.3334 703.1667,933.3334 703.3334,933.3334 703.5,933.3334 703.6667,933.3334 703.8334,933.3334 704,933.3334 704.1667,933.3334 704.3334,933.3334 704.5,933.3334 704.6667,933.3334 704.8334,933.3334 705,933.3334 705.1667,933.3334 705.3334,933.3334 705.5,933.3334 "
      id = "102" />
<path  style="fill:none;stroke:#000000;stroke-width:2;stroke-opacity:1"
       d="M 671.8334,933.3334 671.6667,933.3334 671.5,933.3334 671.3334,933.3334 671.1667,933.3334 671,933.3334 670.8334,933.3334 670.6667,933.3334 670.5,933.3334 670.3334,933.3334 670.1667,933.3334 670,933.3334 669.8334,933.3334 669.6667,933.3334 669.5,933.3334 669.3334,933.3334 669.1667,933.3334 669,933.3334 668.8334,933.3334 668.6667,933.3334 668.5,933.3334 668.3334,933.3334 668.1667,933.3334 668,933.3334 667.8334,933.3334 667.6667,933.3334 667.5,933.3334 667.3334,933.3334 667.1667,933.3334 667,933.3334 666.8334,933.3334 666.6667,933.3334 666.5,933.3334 666.3334,933.3334 666.1667,933.3334 666,933.3334 665.8334,933.3334 665.6667,933.3334 665.5,933.3334 665.3334,933.3334 665.1667,933.3334 665,933.3334 664.8334,933.3334 664.6667,933.3334 664.5,933.3334 664.3334,933.3334 664.1667,933.3334 664,933.3334 663.8334,933.3334 663.6667,933.3334 663.5,933.3334 663.3334,933.3334 663.1667,933.3334 663,933.3334 662.8334,933.3334 662.6667,933.3334 662.5,933.3334 662.3334,933.3334 662.1667,933.3334 662,933.3334 661.8334,933.3334 661.6667,933.3334 661.5,933.3334 661.3334,933.3334 661.1667,933.3334 661,933.3334 660.8334,933.3334 660.6667,933.3334 660.5,933.3334 660.3334,933.3334 660.1667,933.3334 660,933.3334 659.8334,933.3334 659.6667,933.3334 659.5,933.3334 659.3334,933.3334 659.1667,933.3334 659,933.3334 658.8334,933.3334 658.6667,933.3334 658.5,933.3334 658.3334,933.3334 658.1667,933.3334 658,933.3334 657.8334,933.3334 657.6667,933.3334 657.5,933.3334 657.3334,933.3334 657.1667,933.3334 657,933.3334 656.8334,933.3334 656.6667,933.3334 656.5,933.3334 656.3334,933.3334 656.1667,933.3334 656,933.3334 655.8334,933.3334 655.6667,933.3334 655.5,933.3334 655.3334,933.3334 655.1667,933.3334 655,933.3334 654.8334,933.3334 654.6667,933.3334 654.5,933.3334 654.3334,933.3334 654.1667,933.3334 654,933.3334 653.8334,933.3334 653.6667,933.3334 653.5,933.3334 653.3334,933.3334 653.1667,933.3334 653,933.3334 652.8334,933.3334 652.6667,933.3334 652.5,933.3334 652.3334,933.3334 652.1667,933.3334 652,933.3334 651.8334,933.3334 651.6667,933.3334 651.5,933.3334 651.3334,933.3334 651.1667,933.3334 651,933.3334 650.8334,933.3334 650.6667,933.3334 650.5,933.3334 650.3334,933.3334 650.1667,933.3334 650,933.3334 649.8334,933.3334 649.6667,933.3334 649.5,933.3334 649.3334,933.3334 649.1667,933.3334 649,933.3334 648.8334,933.3334 648.6667,933.3334 648.5,933.3334 648.3334,933.3334 648.1667,933.3334 648,933.3334 647.8334,933.3334 647.6667,933.3334 647.5,933.3334 647.3334,933.3334 647.1667,933.3334 647,933.3334 646.8334,933.3334 646.6667,933.3334 646.5,933.3334 646.3334,933.3334 646.1667,933.3334 646,933.3334 645.8334,933.3334 645.6667,933.3334 645.5,933.3334 645.3334,933.3334 645.1667,933.3334 645,933.3334 644.8334,933.3334 644.6667,933.3334 644.5,933.3334 644.3334,933.3334 644.1667,933.3334 644,933.3334 643.8334,933.3334 643.6667,933.3334 643.5,933.3334 643.3334,933.3334 643.1667,933.3334 643,933.3334 642.8334,933.3334 642.6667,933.3334 642.5,933.3334 642.3334,933.3334 642.1667,933.3334 642,933.3334 641.8334,933.3334 641.6667,933.3334 641.5,933.3334 641.3334,933.3334 641.1667,933.3334 641,933.3334 640.8334,933.3334 640.6667,933.3334 640.5,933.3334 640.3334,933.3334 640.1667,933.3334 640,933.3334 639.8334,933.3334 639.6667,933.3334 639.5,933.3334 639.3334,933.3334 639.1667,933.3334 639,933.3334 638.8334,933.3334 638.6667,933.3334 638.5,933.3334 "
      id = "103" />
<path  style="fill:none;stroke:#000000;stroke-width:2;stroke-opacity:1"
       d="M 768,933.3334 768.1667,933.3334 768.3334,933.3334 768.5,933.3334 768.6667,933.3334 768.8334,933.3334 769,933.3334 769.1667,933.3334 769.3334,933.3334 769.5,933.3334 769.6667,933.3334 769.8334,933.3334 770,933.3334 770.1667,933.3334 770.3334,933.3334 770.5,933.3334 770.6667,933.3334 770.8334,933.3334 771,933.3334 771.1667,933.3334 771.3334,933.3334 771.5,933.3334 771.6667,933.3334 771.8334,933.3334 772,933.3334 772.1667,933.3334 772.3334,933.3334 772.5,933.3334 772.6667,933.3334 772.8334,933.3334 773,933.3334 773.1667,933.3334 773.3334,933.3334 773.5,933.3334 773.6667,933.3334 773.8334,933.3334 774,933.3334 774.1667,933.3334 774.3334,933.3334 774.5,933.3334 774.6667,933.3334 774.8334,933.3334 775,933.3334 775.1667,933.3334 775.3334,933.3334 775.5,933.3334 775.6667,933.3334 775.8334,933.3334 776,933.3334 776.1667,933.3334 776.3334,933.3334 776.5,933.3334 776.6667,933.3334 776.8334,933.3334 777,933.3334 777.1667,933.3334 777.3334,933.3334 777.5,933.3334 777.6667,933.3334 777.8334,933.3334 778,933.3334 778.1667,933.3334 778.3334,933.3334 778.5,933.3334 778.6667,933.3334 778.8334,933.3334 779,933.3334 779.1667,933.3334 779.3334,933.3334 779.5,933.3334 779.6667,933.3334 779.8334,933.3334 780,933.3334 780.1667,933.3334 780.3334,933.3334 780.5,933.3334 780.6667,933.3334 780.8334,933.3334 781,933.3334 781.1667,933.3334 781.3334,933.3334 781.5,933.3334 781.6667,933.3334 781.8334,933.3334 782,933.3334 782.1667,933.3334 782.3334,933.3334 782.5,933.3334 782.6667,933.3334 782.8334,933.3334 783,933.3334 783.1667,933.3334 783.3334,933.3334 783.5,933.3334 783.6667,933.3334 783.8334,933.3334 784,933.3334 784.1667,933.3334 784.3334,933.3334 784.5,933.3334 784.6667,933.3334 784.8334,933.3334 785,933.3334 785.1667,933.3334 785.3334,933.3334 785.5,933.3334 785.6667,933.3334 785.8334,933.3334 786,933.3334 786.1667,933.3334 786.3334,933.3334 786.5,933.3334 786.6667,933.3334 786.8334,933.3334 787,933.3334 787.1667,933.3334 787.3334,933.3334 787.5,933.3334 787.6667,933.3334 787.8334,933.3334 788,933.3334 788.1667,933.3334 788.3334,933.3334 788.5,933.3334 788.6667,933.3334 788.8334,933.3334 789,933.3334 789.1667,933.3334 789.3334,933.3334 789.5,933.3334 789.6667,933.3334 789.8334,933.3334 790,933.3334 790.1667,933.3334 790.3334,933.3334 790.5,933.3334 790.6667,933.3334 790.8334,933.3334 "
      id = "104" />
<path  style="fill:none;stroke:#000000;stroke-width:2;stroke-opacity:1"
       d="M 767.8334,933.3334 767.6667,933.3334 767.5,933.3334 767.3334,933.3334 767.1667,933.3334 767,933.3334 766.8334,933.3334 766.6667,933.3334 766.5,933.3334 766.3334,933.3334 766.1667,933.3334 766,933.3334 765.8334,933.3334 765.6667,933.3334 765.5,933.3334 765.3334,933.3334 765.1667,933.3334 765,933.3334 764.8334,933.3334 764.6667,933.3334 764.5,933.3334 764.3334,933.3334 764.1667,933.3334 764,933.3334 763.8334,933.3334 763.6667,933.3334 763.5,933.3334 763.3334,933.3334 763.1667,933.3334 763,933.3334 762.8334,933.3334 762.6667,933.3334 762.5,933.3334 762.3334,933.3334 762.1667,933.3334 762,933.3334 761.8334,933.3334 761.6667,933.3334 761.5,933.3334 761.3334,933.3334 761.1667,933.3334 761,933.3334 760.8334,933.3334 760.6667,933.3334 760.5,933.3334 760.3334,933.3334 760.1667,933.3334 760,933.3334 759.8334,933.3334 759.6667,933.3334 759.5,933.3334 759.3334,933.3334 759.1667,933.3334 759,933.3334 758.8334,933.3334 758.6667,933.3334 758.5,933.3334 758.3334,933.3334 758.1667,933.3334 758,933.3334 757.8334,933.3334 757.6667,933.3334 757.5,933.3334 757.3334,933.3334 757.1667,933.3334 757,933.3334 756.8334,933.3334 756.6667,933.3334 756.5,933.3334 756.3334,933.3334 756.1667,933.3334 756,933.3334 755.8334,933.3334 755.6667,933.3334 755.5,933.3334 755.3334,933.3334 755.1667,933.3334 755,933.3334 754.8334,933.3334 754.6667,933.3334 754.5,933.3334 754.3334,933.3334 754.1667,933.3334 754,933.3334 753.8334,933.3334 753.6667,933.3334 753.5,933.3334 753.3334,933.3334 753.1667,933.3334 753,933.3334 752.8334,933.3334 752.6667,933.3334 752.5,933.3334 752.3334,933.3334 752.1667,933.3334 752,933.3334 751.8334,933.3334 751.6667,933.3334 751.5,933.3334 751.3334,933.3334 751.1667,933.3334 751,933.3334 750.8334,933.3334 750.6667,933.3334 750.5,933.3334 750.3334,933.3334 750.1667,933.3334 750,933.3334 749.8334,933.3334 749.6667,933.3334 749.5,933.3334 749.3334,933.3334 749.1667,933.3334 749,933.3334 748.8334,933.3334 748.6667,933.3334 748.5,933.3334 748.3334,933.3334 748.1667,933.3334 748,933.3334 747.8334,933.3334 747.6667,933.3334 747.5,933.3334 747.3334,933.3334 747.1667,933.3334 747,933.3334 746.8334,933.3334 746.6667,933.3334 746.5,933.3334 746.3334,933.3334 746.1667,933.3334 746,933.3334 745.8334,933.3334 745.6667,933.3334 745.5,933.3334 745.3334,933.3334 745.1667,933.3334 "
      id = "105" />
</svg>
