<svg
   width="864"
   height = "1152"
   version="1.1"
   id="svg2"
   xmlns="http://www.w3.org/2000/svg"
   xmlns:svg="http://www.w3.org/2000/svg">
  <defs
     id="defs6" />

<path  style="fill:none;stroke:#000000;stroke-width:2;stroke-opacity:1"
       d="M 63.66667,1098.667 63.83334,1098.667 64,1098.667 64.16667,1098.667 64.33334,1098.667 64.5,1098.667 64.66667,1098.667 64.83334,1098.667 65,1098.667 65.16667,1098.667 65.33334,1098.667 65.5,1098.667 65.66667,1098.667 65.83334,1098.667 66,1098.667 66.16667,1098.667 66.33334,1098.667 66.5,1098.667 66.66667,1098.667 66.83334,1098.667 67,1098.667 67.16667,1098.667 67.33334,1098.667 67.5,1098.667 67.66667,1098.667 67.83334,1098.667 68,1098.667 68.16667,1098.667 68.33334,1098.667 68.5,1098.667 68.66667,1098.667 68.83334,1098.667 69,1098.667 69.16667,1098.667 69.33334,1098.667 69.5,1098.667 69.66667,1098.667 69.83334,1098.667 70,1098.667 70.16667,1098.667 70.33334,1098.667 70.5,1098.667 70.66667,1098.667 70.83334,1098.667 71,1098.667 71.16667,1098.667 71.33334,1098.667 71.5,1098.667 71.66667,1098.667 71.83334,1098.667 72,1098.667 72.16667,1098.667 72.33334,1098.667 72.5,1098.667 72.66667,1098.667 72.83334,1098.667 73,1098.667 73.16667,1098.667 73.33334,1098.667 "
      id = "0" />
<path  style="fill:none;stroke:#000000;stroke-width:2;stroke-opacity:1"
       d="M 63.5,1098.667 63.33334,1098.667 63.16667,1098.667 63,1098.667 62.83334,1098.667 62.66667,1098.667 62.5,1098.667 62.33334,1098.667 62.16667,1098.667 62,1098.667 61.83334,1098.667 61.66667,1098.667 61.5,1098.667 61.33334,1098.667 61.16667,1098.667 61,1098.667 60.83334,1098.667 60.66667,1098.667 60.5,1098.667 60.33334,1098.667 60.16667,1098.667 60,1098.667 59.83334,1098.667 59.66667,1098.667 59.5,1098.667 59.33334,1098.667 59.16667,1098.667 59,1098.667 58.83334,1098.667 58.66667,1098.667 58.5,1098.667 58.33334,1098.667 58.16667,1098.667 58,1098.667 57.83334,1098.667 57.66667,1098.667 57.5,1098.667 57.33334,1098.667 57.16667,1098.667 57,1098.667 56.83334,1098.667 56.66667,1098.667 56.5,1098.667 56.33334,1098.667 56.16667,1098.667 56,1098.667 55.83333,1098.667 55.66667,1098.667 55.5,1098.667 55.33333,1098.667 55.16667,1098.667 55,1098.667 54.83333,1098.667 54.66667,1098.667 54.5,1098.667 54.33333,1098.667 54.16667,1098.667 54,1098.667 "
      id = "1" />
<path  style="fill:none;stroke:#000000;stroke-width:2;stroke-opacity:1"
       d="M 128.3333,1098.667 128.5,1098.667 128.6667,1098.667 128.8333,1098.667 129,1098.667 129.1667,1098.667 129.3333,1098.667 129.5,1098.667 129.6667,1098.667 129.8333,1098.667 130,1098.667 130.1667,1098.667 130.3333,1098.667 130.5,1098.667 130.6667,1098.667 130.8333,1098.667 131,1098.667 131.1667,1098.667 131.3333,1098.667 131.5,1098.667 131.6667,1098.667 131.8333,1098.667 132,1098.667 132.1667,1098.667 132.3333,1098.667 132.5,1098.667 132.6667,1098.667 132.8333,1098.667 133,1098.667 133.1667,1098.667 133.3333,1098.667 133.5,1098.667 133.6667,1098.667 133.8333,1098.667 134,1098.667 134.1667,1098.667 134.3333,1098.667 134.5,1098.667 134.6667,1098.667 134.8333,1098.667 135,1098.667 135.1667,1098.667 135.3333,1098.667 135.5,1098.667 135.6667,1098.667 135.8333,1098.667 136,1098.667 136.1667,1098.667 136.3333,1098.667 136.5,1098.667 136.6667,1098.667 136.8333,1098.667 137,1098.667 137.1667,1098.667 137.3333,1098.667 137.5,1098.667 137.6667,1098.667 137.8333,1098.667 138,1098.667 "
      id = "2" />
<path  style="fill:none;stroke:#000000;stroke-width:2;stroke-opacity:1"
       d="M 128.1667,1098.667 128,1098.667 127.8333,1098.667 127.6667,1098.667 127.5,1098.667 127.3333,1098.667 127.1667,1098.667 127,1098.667 126.8333,1098.667 126.6667,1098.667 126.5,1098.667 126.3333,1098.667 126.1667,1098.667 126,1098.667 125.8333,1098.667 125.6667,1098.667 125.5,1098.667 125.3333,1098.667 125.1667,1098.667 125,1098.667 124.8333,1098.667 124.6667,1098.667 124.5,1098.667 124.3333,1098.667 124.1667,1098.667 124,1098.667 123.8333,1098.667 123.6667,1098.667 123.5,1098.667 123.3333,1098.667 123.1667,1098.667 123,1098.667 122.8333,1098.667 122.6667,1098.667 122.5,1098.667 122.3333,1098.667 122.1667,1098.667 122,1098.667 121.8333,1098.667 121.6667,1098.667 121.5,1098.667 121.3333,1098.667 121.1667,1098.667 121,1098.667 120.8333,1098.667 120.6667,1098.667 120.5,1098.667 120.3333,1098.667 120.1667,1098.667 120,1098.667 119.8333,1098.667 119.6667,1098.667 119.5,1098.667 119.3333,1098.667 119.1667,1098.667 119,1098.667 118.8333,1098.667 118.6667,1098.667 "
      id = "3" />
<path  style="fill:none;stroke:#000000;stroke-width:2;stroke-opacity:1"
       d="M 192,1098.667 192.1667,1098.667 192.3333,1098.667 192.5,1098.667 192.6667,1098.667 192.8333,1098.667 193,1098.667 193.1667,1098.667 193.3333,1098.667 193.5,1098.667 193.6667,1098.667 193.8333,1098.667 194,1098.667 194.1667,1098.667 194.3333,1098.667 194.5,1098.667 194.6667,1098.667 194.8333,1098.667 195,1098.667 195.1667,1098.667 195.3333,1098.667 195.5,1098.667 195.6667,1098.667 195.8333,1098.667 196,1098.667 196.1667,1098.667 196.3333,1098.667 196.5,1098.667 196.6667,1098.667 196.8333,1098.667 197,1098.667 197.1667,1098.667 197.3333,1098.667 197.5,1098.667 197.6667,1098.667 197.8333,1098.667 198,1098.667 198.1667,1098.667 198.3333,1098.667 198.5,1098.667 198.6667,1098.667 198.8333,1098.667 199,1098.667 199.1667,1098.667 199.3333,1098.667 199.5,1098.667 199.6667,1098.667 199.8333,1098.667 200,1098.667 200.1667,1098.667 200.3333,1098.667 200.5,1098.667 200.6667,1098.667 200.8333,1098.667 201,1098.667 201.1667,1098.667 201.3333,1098.667 201.5,1098.667 201.6667,1098.667 201.8333,1098.667 202,1098.667 202.1667,1098.667 202.3333,1098.667 202.5,1098.667 202.6667,1098.667 202.8333,1098.667 203,1098.667 203.1667,1098.667 203.3333,1098.667 203.5,1098.667 203.6667,1098.667 203.8333,1098.667 204,1098.667 204.1667,1098.667 204.3333,1098.667 204.5,1098.667 204.6667,1098.667 204.8333,1098.667 205,1098.667 205.1667,1098.667 205.3333,1098.667 205.5,1098.667 205.6667,1098.667 205.8333,1098.667 206,1098.667 206.1667,1098.667 206.3333,1098.667 206.5,1098.667 206.6667,1098.667 206.8333,1098.667 207,1098.667 207.1667,1098.667 207.3333,1098.667 207.5,1098.667 207.6667,1098.667 207.8333,1098.667 208,1098.667 208.1667,1098.667 208.3333,1098.667 208.5,1098.667 208.6667,1098.667 208.8333,1098.667 209,1098.667 209.1667,1098.667 209.3333,1098.667 209.5,1098.667 209.6667,1098.667 209.8333,1098.667 210,1098.667 210.1667,1098.667 210.3333,1098.667 210.5,1098.667 210.6667,1098.667 210.8333,1098.667 211,1098.667 211.1667,1098.667 211.3333,1098.667 211.5,1098.667 211.6667,1098.667 211.8333,1098.667 212,1098.667 212.1667,1098.667 212.3333,1098.667 212.5,1098.667 212.6667,1098.667 212.8333,1098.667 213,1098.667 213.1667,1098.667 213.3333,1098.667 213.5,1098.667 213.6667,1098.667 213.8333,1098.667 214,1098.667 214.1667,1098.667 214.3333,1098.667 214.5,1098.667 214.6667,1098.667 214.8333,1098.667 215,1098.667 215.1667,1098.667 215.3333,1098.667 215.5,1098.667 215.6667,1098.667 215.8333,1098.667 216,1098.667 216.1667,1098.667 216.3333,1098.667 216.5,1098.667 216.6667,1098.667 216.8333,1098.667 217,1098.667 217.1667,1098.667 217.3333,1098.667 217.5,1098.667 217.6667,1098.667 217.8333,1098.667 218,1098.667 218.1667,1098.667 218.3333,1098.667 218.5,1098.667 218.6667,1098.667 218.8333,1098.667 219,1098.667 219.1667,1098.667 219.3333,1098.667 219.5,1098.667 219.6667,1098.667 219.8333,1098.667 220,1098.667 220.1667,1098.667 220.3333,1098.667 220.5,1098.667 220.6667,1098.667 220.8333,1098.667 221,1098.667 221.1667,1098.667 221.3333,1098.667 221.5,1098.667 221.6667,1098.667 221.8333,1098.667 222,1098.667 222.1667,1098.667 222.3333,1098.667 222.5,1098.667 222.6667,1098.667 222.8333,1098.667 223,1098.667 223.1667,1098.667 223.3333,1098.667 223.5,1098.667 223.6667,1098.667 223.8333,1098.667 224,1098.667 224.1667,1098.667 224.3333,1098.667 224.5,1098.667 224.6667,1098.667 224.8333,1098.667 225,1098.667 225.1667,1098.667 225.3333,1098.667 225.5,1098.667 225.6667,1098.667 225.8333,1098.667 226,1098.667 226.1667,1098.667 226.3333,1098.667 226.5,1098.667 226.6667,1098.667 226.8333,1098.667 227,1098.667 "
      id = "4" />
<path  style="fill:none;stroke:#000000;stroke-width:2;stroke-opacity:1"
       d="M 191.8333,1098.667 191.6667,1098.667 191.5,1098.667 191.3333,1098.667 191.1667,1098.667 191,1098.667 190.8333,1098.667 190.6667,1098.667 190.5,1098.667 190.3333,1098.667 190.1667,1098.667 190,1098.667 189.8333,1098.667 189.6667,1098.667 189.5,1098.667 189.3333,1098.667 189.1667,1098.667 189,1098.667 188.8333,1098.667 188.6667,1098.667 188.5,1098.667 188.3333,1098.667 188.1667,1098.667 188,1098.667 187.8333,1098.667 187.6667,1098.667 187.5,1098.667 187.3333,1098.667 187.1667,1098.667 187,1098.667 186.8333,1098.667 186.6667,1098.667 186.5,1098.667 186.3333,1098.667 186.1667,1098.667 186,1098.667 185.8333,1098.667 185.6667,1098.667 185.5,1098.667 185.3333,1098.667 185.1667,1098.667 185,1098.667 184.8333,1098.667 184.6667,1098.667 184.5,1098.667 184.3333,1098.667 184.1667,1098.667 184,1098.667 183.8333,1098.667 183.6667,1098.667 183.5,1098.667 183.3333,1098.667 183.1667,1098.667 183,1098.667 182.8333,1098.667 182.6667,1098.667 182.5,1098.667 182.3333,1098.667 182.1667,1098.667 182,1098.667 181.8333,1098.667 181.6667,1098.667 181.5,1098.667 181.3333,1098.667 181.1667,1098.667 181,1098.667 180.8333,1098.667 180.6667,1098.667 180.5,1098.667 180.3333,1098.667 180.1667,1098.667 180,1098.667 179.8333,1098.667 179.6667,1098.667 179.5,1098.667 179.3333,1098.667 179.1667,1098.667 179,1098.667 178.8333,1098.667 178.6667,1098.667 178.5,1098.667 178.3333,1098.667 178.1667,1098.667 178,1098.667 177.8333,1098.667 177.6667,1098.667 177.5,1098.667 177.3333,1098.667 177.1667,1098.667 177,1098.667 176.8333,1098.667 176.6667,1098.667 176.5,1098.667 176.3333,1098.667 176.1667,1098.667 176,1098.667 175.8333,1098.667 175.6667,1098.667 175.5,1098.667 175.3333,1098.667 175.1667,1098.667 175,1098.667 174.8333,1098.667 174.6667,1098.667 174.5,1098.667 174.3333,1098.667 174.1667,1098.667 174,1098.667 173.8333,1098.667 173.6667,1098.667 173.5,1098.667 173.3333,1098.667 173.1667,1098.667 173,1098.667 172.8333,1098.667 172.6667,1098.667 172.5,1098.667 172.3333,1098.667 172.1667,1098.667 172,1098.667 171.8333,1098.667 171.6667,1098.667 171.5,1098.667 171.3333,1098.667 171.1667,1098.667 171,1098.667 170.8333,1098.667 170.6667,1098.667 170.5,1098.667 170.3333,1098.667 170.1667,1098.667 170,1098.667 169.8333,1098.667 169.6667,1098.667 169.5,1098.667 169.3333,1098.667 169.1667,1098.667 169,1098.667 168.8333,1098.667 168.6667,1098.667 168.5,1098.667 168.3333,1098.667 168.1667,1098.667 168,1098.667 167.8333,1098.667 167.6667,1098.667 167.5,1098.667 167.3333,1098.667 167.1667,1098.667 167,1098.667 166.8333,1098.667 166.6667,1098.667 166.5,1098.667 166.3333,1098.667 166.1667,1098.667 166,1098.667 165.8333,1098.667 165.6667,1098.667 165.5,1098.667 165.3333,1098.667 165.1667,1098.667 165,1098.667 164.8333,1098.667 164.6667,1098.667 164.5,1098.667 164.3333,1098.667 164.1667,1098.667 164,1098.667 163.8333,1098.667 163.6667,1098.667 163.5,1098.667 163.3333,1098.667 163.1667,1098.667 163,1098.667 162.8333,1098.667 162.6667,1098.667 162.5,1098.667 162.3333,1098.667 162.1667,1098.667 162,1098.667 161.8333,1098.667 161.6667,1098.667 161.5,1098.667 161.3333,1098.667 161.1667,1098.667 161,1098.667 160.8333,1098.667 160.6667,1098.667 160.5,1098.667 160.3333,1098.667 160.1667,1098.667 160,1098.667 159.8333,1098.667 159.6667,1098.667 159.5,1098.667 159.3333,1098.667 159.1667,1098.667 159,1098.667 158.8333,1098.667 158.6667,1098.667 158.5,1098.667 158.3333,1098.667 158.1667,1098.667 158,1098.667 157.8333,1098.667 157.6667,1098.667 157.5,1098.667 157.3333,1098.667 157.1667,1098.667 157,1098.667 "
      id = "5" />
<path  style="fill:none;stroke:#000000;stroke-width:2;stroke-opacity:1"
       d="M 288,1098.667 288.1667,1098.667 288.3333,1098.667 288.5,1098.667 288.6667,1098.667 288.8333,1098.667 289,1098.667 289.1667,1098.667 289.3333,1098.667 289.5,1098.667 289.6667,1098.667 289.8333,1098.667 290,1098.667 290.1667,1098.667 290.3333,1098.667 290.5,1098.667 290.6667,1098.667 290.8333,1098.667 291,1098.667 291.1667,1098.667 291.3333,1098.667 291.5,1098.667 291.6667,1098.667 291.8333,1098.667 292,1098.667 292.1667,1098.667 292.3333,1098.667 292.5,1098.667 292.6667,1098.667 292.8333,1098.667 293,1098.667 293.1667,1098.667 293.3333,1098.667 293.5,1098.667 293.6667,1098.667 293.8333,1098.667 294,1098.667 294.1667,1098.667 294.3333,1098.667 294.5,1098.667 294.6667,1098.667 294.8333,1098.667 295,1098.667 295.1667,1098.667 295.3333,1098.667 295.5,1098.667 295.6667,1098.667 295.8333,1098.667 296,1098.667 296.1667,1098.667 296.3333,1098.667 296.5,1098.667 296.6667,1098.667 296.8333,1098.667 297,1098.667 297.1667,1098.667 297.3333,1098.667 297.5,1098.667 297.6667,1098.667 297.8333,1098.667 298,1098.667 298.1667,1098.667 298.3333,1098.667 298.5,1098.667 298.6667,1098.667 298.8333,1098.667 299,1098.667 299.1667,1098.667 299.3333,1098.667 299.5,1098.667 299.6667,1098.667 299.8333,1098.667 300,1098.667 300.1667,1098.667 300.3333,1098.667 300.5,1098.667 300.6667,1098.667 300.8333,1098.667 301,1098.667 301.1667,1098.667 301.3333,1098.667 301.5,1098.667 301.6667,1098.667 301.8333,1098.667 302,1098.667 302.1667,1098.667 302.3333,1098.667 302.5,1098.667 302.6667,1098.667 302.8333,1098.667 303,1098.667 303.1667,1098.667 303.3333,1098.667 303.5,1098.667 303.6667,1098.667 303.8333,1098.667 304,1098.667 304.1667,1098.667 304.3333,1098.667 304.5,1098.667 304.6667,1098.667 304.8333,1098.667 305,1098.667 305.1667,1098.667 305.3333,1098.667 305.5,1098.667 305.6667,1098.667 305.8333,1098.667 306,1098.667 306.1667,1098.667 306.3333,1098.667 306.5,1098.667 306.6667,1098.667 306.8333,1098.667 307,1098.667 307.1667,1098.667 307.3333,1098.667 307.5,1098.667 307.6667,1098.667 307.8333,1098.667 308,1098.667 308.1667,1098.667 308.3333,1098.667 308.5,1098.667 308.6667,1098.667 308.8333,1098.667 309,1098.667 309.1667,1098.667 309.3333,1098.667 309.5,1098.667 309.6667,1098.667 309.8333,1098.667 310,1098.667 310.1667,1098.667 310.3333,1098.667 310.5,1098.667 "
      id = "6" />
<path  style="fill:none;stroke:#000000;stroke-width:2;stroke-opacity:1"
       d="M 287.8333,1098.667 287.6667,1098.667 287.5,1098.667 287.3333,1098.667 287.1667,1098.667 287,1098.667 286.8333,1098.667 286.6667,1098.667 286.5,1098.667 286.3333,1098.667 286.1667,1098.667 286,1098.667 285.8333,1098.667 285.6667,1098.667 285.5,1098.667 285.3333,1098.667 285.1667,1098.667 285,1098.667 284.8333,1098.667 284.6667,1098.667 284.5,1098.667 284.3333,1098.667 284.1667,1098.667 284,1098.667 283.8333,1098.667 283.6667,1098.667 283.5,1098.667 283.3333,1098.667 283.1667,1098.667 283,1098.667 282.8333,1098.667 282.6667,1098.667 282.5,1098.667 282.3333,1098.667 282.1667,1098.667 282,1098.667 281.8333,1098.667 281.6667,1098.667 281.5,1098.667 281.3333,1098.667 281.1667,1098.667 281,1098.667 280.8333,1098.667 280.6667,1098.667 280.5,1098.667 280.3333,1098.667 280.1667,1098.667 280,1098.667 279.8333,1098.667 279.6667,1098.667 279.5,1098.667 279.3333,1098.667 279.1667,1098.667 279,1098.667 278.8333,1098.667 278.6667,1098.667 278.5,1098.667 278.3333,1098.667 278.1667,1098.667 278,1098.667 277.8333,1098.667 277.6667,1098.667 277.5,1098.667 277.3333,1098.667 277.1667,1098.667 277,1098.667 276.8333,1098.667 276.6667,1098.667 276.5,1098.667 276.3333,1098.667 276.1667,1098.667 276,1098.667 275.8333,1098.667 275.6667,1098.667 275.5,1098.667 275.3333,1098.667 275.1667,1098.667 275,1098.667 274.8333,1098.667 274.6667,1098.667 274.5,1098.667 274.3333,1098.667 274.1667,1098.667 274,1098.667 273.8333,1098.667 273.6667,1098.667 273.5,1098.667 273.3333,1098.667 273.1667,1098.667 273,1098.667 272.8333,1098.667 272.6667,1098.667 272.5,1098.667 272.3333,1098.667 272.1667,1098.667 272,1098.667 271.8333,1098.667 271.6667,1098.667 271.5,1098.667 271.3333,1098.667 271.1667,1098.667 271,1098.667 270.8333,1098.667 270.6667,1098.667 270.5,1098.667 270.3333,1098.667 270.1667,1098.667 270,1098.667 269.8333,1098.667 269.6667,1098.667 269.5,1098.667 269.3333,1098.667 269.1667,1098.667 269,1098.667 268.8333,1098.667 268.6667,1098.667 268.5,1098.667 268.3333,1098.667 268.1667,1098.667 268,1098.667 267.8333,1098.667 267.6667,1098.667 267.5,1098.667 267.3333,1098.667 267.1667,1098.667 267,1098.667 266.8333,1098.667 266.6667,1098.667 266.5,1098.667 266.3333,1098.667 266.1667,1098.667 266,1098.667 265.8333,1098.667 265.6667,1098.667 265.5,1098.667 "
      id = "7" />
<path  style="fill:none;stroke:#000000;stroke-width:2;stroke-opacity:1"
       d="M 379.3333,1098.667 379.5,1098.667 379.6667,1098.667 379.8333,1098.667 380,1098.667 380.1667,1098.667 380.3333,1098.667 380.5,1098.667 380.6667,1098.667 380.8333,1098.667 381,1098.667 381.1667,1098.667 381.3333,1098.667 381.5,1098.667 381.6667,1098.667 381.8333,1098.667 382,1098.667 382.1667,1098.667 382.3333,1098.667 382.5,1098.667 382.6667,1098.667 382.8333,1098.667 383,1098.667 383.1667,1098.667 383.3333,1098.667 383.5,1098.667 383.6667,1098.667 383.8333,1098.667 384,1098.667 384.1667,1098.667 384.3333,1098.667 384.5,1098.667 384.6667,1098.667 384.8333,1098.667 385,1098.667 385.1667,1098.667 385.3333,1098.667 385.5,1098.667 385.6667,1098.667 385.8333,1098.667 386,1098.667 386.1667,1098.667 386.3333,1098.667 386.5,1098.667 386.6667,1098.667 386.8333,1098.667 387,1098.667 387.1667,1098.667 387.3333,1098.667 387.5,1098.667 387.6667,1098.667 387.8333,1098.667 388,1098.667 388.1667,1098.667 388.3333,1098.667 388.5,1098.667 388.6667,1098.667 388.8333,1098.667 389,1098.667 389.1667,1098.667 389.3333,1098.667 389.5,1098.667 389.6667,1098.667 389.8333,1098.667 390,1098.667 390.1667,1098.667 390.3333,1098.667 390.5,1098.667 390.6667,1098.667 390.8333,1098.667 391,1098.667 391.1667,1098.667 391.3333,1098.667 391.5,1098.667 391.6667,1098.667 391.8333,1098.667 392,1098.667 392.1667,1098.667 392.3333,1098.667 392.5,1098.667 392.6667,1098.667 392.8333,1098.667 393,1098.667 393.1667,1098.667 393.3333,1098.667 393.5,1098.667 393.6667,1098.667 "
      id = "8" />
<path  style="fill:none;stroke:#000000;stroke-width:2;stroke-opacity:1"
       d="M 379.1667,1098.667 379,1098.667 378.8333,1098.667 378.6667,1098.667 378.5,1098.667 378.3333,1098.667 378.1667,1098.667 378,1098.667 377.8333,1098.667 377.6667,1098.667 377.5,1098.667 377.3333,1098.667 377.1667,1098.667 377,1098.667 376.8333,1098.667 376.6667,1098.667 376.5,1098.667 376.3333,1098.667 376.1667,1098.667 376,1098.667 375.8333,1098.667 375.6667,1098.667 375.5,1098.667 375.3333,1098.667 375.1667,1098.667 375,1098.667 374.8333,1098.667 374.6667,1098.667 374.5,1098.667 374.3333,1098.667 374.1667,1098.667 374,1098.667 373.8333,1098.667 373.6667,1098.667 373.5,1098.667 373.3333,1098.667 373.1667,1098.667 373,1098.667 372.8333,1098.667 372.6667,1098.667 372.5,1098.667 372.3333,1098.667 372.1667,1098.667 372,1098.667 371.8333,1098.667 371.6667,1098.667 371.5,1098.667 371.3333,1098.667 371.1667,1098.667 371,1098.667 370.8333,1098.667 370.6667,1098.667 370.5,1098.667 370.3333,1098.667 370.1667,1098.667 370,1098.667 369.8333,1098.667 369.6667,1098.667 369.5,1098.667 369.3333,1098.667 369.1667,1098.667 369,1098.667 368.8333,1098.667 368.6667,1098.667 368.5,1098.667 368.3333,1098.667 368.1667,1098.667 368,1098.667 367.8333,1098.667 367.6667,1098.667 367.5,1098.667 367.3333,1098.667 367.1667,1098.667 367,1098.667 366.8333,1098.667 366.6667,1098.667 366.5,1098.667 366.3333,1098.667 366.1667,1098.667 366,1098.667 365.8333,1098.667 365.6667,1098.667 365.5,1098.667 365.3333,1098.667 365.1667,1098.667 365,1098.667 "
      id = "9" />
<path  style="fill:none;stroke:#000000;stroke-width:2;stroke-opacity:1"
       d="M 405.6667,1098.667 405.8333,1098.667 406,1098.667 406.1667,1098.667 406.3333,1098.667 406.5,1098.667 406.6667,1098.667 406.8333,1098.667 407,1098.667 407.1667,1098.667 407.3333,1098.667 407.5,1098.667 407.6667,1098.667 407.8333,1098.667 408,1098.667 408.1667,1098.667 408.3333,1098.667 408.5,1098.667 408.6667,1098.667 408.8333,1098.667 409,1098.667 409.1667,1098.667 409.3333,1098.667 409.5,1098.667 409.6667,1098.667 409.8333,1098.667 410,1098.667 410.1667,1098.667 410.3333,1098.667 410.5,1098.667 410.6667,1098.667 410.8333,1098.667 411,1098.667 411.1667,1098.667 411.3333,1098.667 411.5,1098.667 411.6667,1098.667 411.8333,1098.667 412,1098.667 412.1667,1098.667 412.3333,1098.667 412.5,1098.667 412.6667,1098.667 412.8333,1098.667 413,1098.667 413.1667,1098.667 413.3333,1098.667 413.5,1098.667 413.6667,1098.667 413.8333,1098.667 414,1098.667 414.1667,1098.667 414.3333,1098.667 414.5,1098.667 414.6667,1098.667 "
      id = "10" />
<path  style="fill:none;stroke:#000000;stroke-width:2;stroke-opacity:1"
       d="M 405.5,1098.667 405.3333,1098.667 405.1667,1098.667 405,1098.667 404.8333,1098.667 404.6667,1098.667 404.5,1098.667 404.3333,1098.667 404.1667,1098.667 404,1098.667 403.8333,1098.667 403.6667,1098.667 403.5,1098.667 403.3333,1098.667 403.1667,1098.667 403,1098.667 402.8333,1098.667 402.6667,1098.667 402.5,1098.667 402.3333,1098.667 402.1667,1098.667 402,1098.667 401.8333,1098.667 401.6667,1098.667 401.5,1098.667 401.3333,1098.667 401.1667,1098.667 401,1098.667 400.8333,1098.667 400.6667,1098.667 400.5,1098.667 400.3333,1098.667 400.1667,1098.667 400,1098.667 399.8333,1098.667 399.6667,1098.667 399.5,1098.667 399.3333,1098.667 399.1667,1098.667 399,1098.667 398.8333,1098.667 398.6667,1098.667 398.5,1098.667 398.3333,1098.667 398.1667,1098.667 398,1098.667 397.8333,1098.667 397.6667,1098.667 397.5,1098.667 397.3333,1098.667 397.1667,1098.667 397,1098.667 396.8333,1098.667 "
      id = "11" />
<path  style="fill:none;stroke:#000000;stroke-width:2;stroke-opacity:1"
       d="M 424,1098.667 424.1667,1098.667 424.3333,1098.667 423.8333,1098.667 423.6667,1098.667 424,1098.667 "
      id = "12" />
<path  style="fill:none;stroke:#000000;stroke-width:2;stroke-opacity:1"
       d="M 425.6667,1098.667 425.8333,1098.667 426,1098.667 425.5,1098.667 425.6667,1098.667 "
      id = "13" />
<path  style="fill:none;stroke:#000000;stroke-width:2;stroke-opacity:1"
       d="M 438.6667,1098.667 438.8333,1098.667 439,1098.667 438.5,1098.667 438.6667,1098.667 "
      id = "14" />
<path  style="fill:none;stroke:#000000;stroke-width:2;stroke-opacity:1"
       d="M 444.5,1098.667 444.6667,1098.667 444.8333,1098.667 445,1098.667 445.1667,1098.667 445.3333,1098.667 445.5,1098.667 445.6667,1098.667 445.8333,1098.667 446,1098.667 "
      id = "15" />
<path  style="fill:none;stroke:#000000;stroke-width:2;stroke-opacity:1"
       d="M 444.3333,1098.667 444.1667,1098.667 444,1098.667 443.8333,1098.667 443.6667,1098.667 443.5,1098.667 443.3333,1098.667 443.1667,1098.667 443,1098.667 "
      id = "16" />
<path  style="fill:none;stroke:#000000;stroke-width:2;stroke-opacity:1"
       d="M 450.6667,1098.667 450.8333,1098.667 451,1098.667 451.1667,1098.667 450.5,1098.667 450.3333,1098.667 450.6667,1098.667 "
      id = "17" />
<path  style="fill:none;stroke:#000000;stroke-width:2;stroke-opacity:1"
       d="M 453.6667,1098.667 453.8333,1098.667 453.5,1098.667 453.6667,1098.667 "
      id = "18" />
<path  style="fill:none;stroke:#000000;stroke-width:2;stroke-opacity:1"
       d="M 455.8333,1098.667 456,1098.667 456.1667,1098.667 456.3333,1098.667 455.6667,1098.667 455.5,1098.667 455.3333,1098.667 455.8333,1098.667 "
      id = "19" />
<path  style="fill:none;stroke:#000000;stroke-width:2;stroke-opacity:1"
       d="M 461.3333,1098.667 461.5,1098.667 461.6667,1098.667 461.8333,1098.667 462,1098.667 462.1667,1098.667 462.3333,1098.667 462.5,1098.667 462.6667,1098.667 462.8333,1098.667 463,1098.667 463.1667,1098.667 463.3333,1098.667 463.5,1098.667 463.6667,1098.667 463.8333,1098.667 464,1098.667 464.1667,1098.667 464.3333,1098.667 464.5,1098.667 464.6667,1098.667 464.8333,1098.667 465,1098.667 465.1667,1098.667 "
      id = "20" />
<path  style="fill:none;stroke:#000000;stroke-width:2;stroke-opacity:1"
       d="M 461.1667,1098.667 461,1098.667 460.8333,1098.667 460.6667,1098.667 460.5,1098.667 460.3333,1098.667 460.1667,1098.667 460,1098.667 459.8333,1098.667 459.6667,1098.667 459.5,1098.667 459.3333,1098.667 459.1667,1098.667 459,1098.667 458.8333,1098.667 458.6667,1098.667 458.5,1098.667 458.3333,1098.667 458.1667,1098.667 458,1098.667 457.8333,1098.667 457.6667,1098.667 "
      id = "21" />
<path  style="fill:none;stroke:#000000;stroke-width:2;stroke-opacity:1"
       d="M 466.8333,1098.667 467,1098.667 467.1667,1098.667 467.3333,1098.667 467.5,1098.667 466.6667,1098.667 466.5,1098.667 466.3333,1098.667 466.1667,1098.667 466.8333,1098.667 "
      id = "22" />
<path  style="fill:none;stroke:#000000;stroke-width:2;stroke-opacity:1"
       d="M 469.8333,1098.667 470,1098.667 469.6667,1098.667 469.8333,1098.667 "
      id = "23" />
<path  style="fill:none;stroke:#000000;stroke-width:2;stroke-opacity:1"
       d="M 472.8333,1098.667 473,1098.667 473.1667,1098.667 473.3333,1098.667 473.5,1098.667 473.6667,1098.667 473.8333,1098.667 474,1098.667 474.1667,1098.667 474.3333,1098.667 474.5,1098.667 "
      id = "24" />
<path  style="fill:none;stroke:#000000;stroke-width:2;stroke-opacity:1"
       d="M 472.6667,1098.667 472.5,1098.667 472.3333,1098.667 472.1667,1098.667 472,1098.667 471.8333,1098.667 471.6667,1098.667 471.5,1098.667 471.3333,1098.667 471.1667,1098.667 "
      id = "25" />
<path  style="fill:none;stroke:#000000;stroke-width:2;stroke-opacity:1"
       d="M 480,1098.667 480.1667,1098.667 480.3333,1098.667 480.5,1098.667 480.6667,1098.667 480.8333,1098.667 481,1098.667 481.1667,1098.667 481.3333,1098.667 481.5,1098.667 481.6667,1098.667 "
      id = "26" />
<path  style="fill:none;stroke:#000000;stroke-width:2;stroke-opacity:1"
       d="M 479.8333,1098.667 479.6667,1098.667 479.5,1098.667 479.3333,1098.667 479.1667,1098.667 479,1098.667 478.8333,1098.667 478.6667,1098.667 478.5,1098.667 "
      id = "27" />
<path  style="fill:none;stroke:#000000;stroke-width:2;stroke-opacity:1"
       d="M 485.5,1098.667 485.6667,1098.667 485.8333,1098.667 486,1098.667 486.1667,1098.667 486.3333,1098.667 486.5,1098.667 "
      id = "28" />
<path  style="fill:none;stroke:#000000;stroke-width:2;stroke-opacity:1"
       d="M 485.3333,1098.667 485.1667,1098.667 485,1098.667 484.8333,1098.667 484.6667,1098.667 484.5,1098.667 "
      id = "29" />
<path  style="fill:none;stroke:#000000;stroke-width:2;stroke-opacity:1"
       d="M 490.6667,1098.667 490.8333,1098.667 491,1098.667 491.1667,1098.667 491.3333,1098.667 491.5,1098.667 491.6667,1098.667 491.8333,1098.667 492,1098.667 492.1667,1098.667 "
      id = "30" />
<path  style="fill:none;stroke:#000000;stroke-width:2;stroke-opacity:1"
       d="M 490.5,1098.667 490.3333,1098.667 490.1667,1098.667 490,1098.667 489.8333,1098.667 489.6667,1098.667 489.5,1098.667 489.3333,1098.667 "
      id = "31" />
<path  style="fill:none;stroke:#000000;stroke-width:2;stroke-opacity:1"
       d="M 496.1667,1098.667 496.3333,1098.667 496.5,1098.667 496.6667,1098.667 496.8333,1098.667 497,1098.667 497.1667,1098.667 "
      id = "32" />
<path  style="fill:none;stroke:#000000;stroke-width:2;stroke-opacity:1"
       d="M 496,1098.667 495.8333,1098.667 495.6667,1098.667 495.5,1098.667 495.3333,1098.667 495.1667,1098.667 "
      id = "33" />
<path  style="fill:none;stroke:#000000;stroke-width:2;stroke-opacity:1"
       d="M 501.6667,1098.667 501.8333,1098.667 502,1098.667 502.1667,1098.667 502.3333,1098.667 501.5,1098.667 501.3333,1098.667 501.1667,1098.667 501.6667,1098.667 "
      id = "34" />
<path  style="fill:none;stroke:#000000;stroke-width:2;stroke-opacity:1"
       d="M 504,1098.667 504.1667,1098.667 504.3333,1098.667 503.8333,1098.667 503.6667,1098.667 504,1098.667 "
      id = "35" />
<path  style="fill:none;stroke:#000000;stroke-width:2;stroke-opacity:1"
       d="M 508,1098.667 508.1667,1098.667 508.3333,1098.667 508.5,1098.667 508.6667,1098.667 508.8333,1098.667 509,1098.667 509.1667,1098.667 509.3333,1098.667 509.5,1098.667 509.6667,1098.667 509.8333,1098.667 510,1098.667 510.1667,1098.667 510.3333,1098.667 "
      id = "36" />
<path  style="fill:none;stroke:#000000;stroke-width:2;stroke-opacity:1"
       d="M 507.8333,1098.667 507.6667,1098.667 507.5,1098.667 507.3333,1098.667 507.1667,1098.667 507,1098.667 506.8333,1098.667 506.6667,1098.667 506.5,1098.667 506.3333,1098.667 506.1667,1098.667 506,1098.667 505.8333,1098.667 505.6667,1098.667 "
      id = "37" />
<path  style="fill:none;stroke:#000000;stroke-width:2;stroke-opacity:1"
       d="M 515.1667,1098.667 515.3334,1098.667 515.5,1098.667 515.6667,1098.667 515.8334,1098.667 516,1098.667 516.1667,1098.667 "
      id = "38" />
<path  style="fill:none;stroke:#000000;stroke-width:2;stroke-opacity:1"
       d="M 515,1098.667 514.8334,1098.667 514.6667,1098.667 514.5,1098.667 514.3334,1098.667 514.1667,1098.667 "
      id = "39" />
<path  style="fill:none;stroke:#000000;stroke-width:2;stroke-opacity:1"
       d="M 520,1098.667 520.1667,1098.667 520.3334,1098.667 520.5,1098.667 520.6667,1098.667 520.8334,1098.667 521,1098.667 521.1667,1098.667 521.3334,1098.667 "
      id = "40" />
<path  style="fill:none;stroke:#000000;stroke-width:2;stroke-opacity:1"
       d="M 519.8334,1098.667 519.6667,1098.667 519.5,1098.667 519.3334,1098.667 519.1667,1098.667 519,1098.667 518.8334,1098.667 "
      id = "41" />
<path  style="fill:none;stroke:#000000;stroke-width:2;stroke-opacity:1"
       d="M 540.1667,1098.667 540.3334,1098.667 540.5,1098.667 540.6667,1098.667 540.8334,1098.667 541,1098.667 541.1667,1098.667 541.3334,1098.667 541.5,1098.667 541.6667,1098.667 541.8334,1098.667 542,1098.667 542.1667,1098.667 542.3334,1098.667 542.5,1098.667 542.6667,1098.667 542.8334,1098.667 543,1098.667 543.1667,1098.667 543.3334,1098.667 543.5,1098.667 543.6667,1098.667 543.8334,1098.667 544,1098.667 544.1667,1098.667 544.3334,1098.667 544.5,1098.667 544.6667,1098.667 544.8334,1098.667 545,1098.667 545.1667,1098.667 545.3334,1098.667 545.5,1098.667 545.6667,1098.667 545.8334,1098.667 546,1098.667 546.1667,1098.667 546.3334,1098.667 "
      id = "42" />
<path  style="fill:none;stroke:#000000;stroke-width:2;stroke-opacity:1"
       d="M 540,1098.667 539.8334,1098.667 539.6667,1098.667 539.5,1098.667 539.3334,1098.667 539.1667,1098.667 539,1098.667 538.8334,1098.667 538.6667,1098.667 538.5,1098.667 538.3334,1098.667 538.1667,1098.667 538,1098.667 537.8334,1098.667 537.6667,1098.667 537.5,1098.667 537.3334,1098.667 537.1667,1098.667 537,1098.667 536.8334,1098.667 536.6667,1098.667 536.5,1098.667 536.3334,1098.667 536.1667,1098.667 536,1098.667 535.8334,1098.667 535.6667,1098.667 535.5,1098.667 535.3334,1098.667 535.1667,1098.667 535,1098.667 534.8334,1098.667 534.6667,1098.667 534.5,1098.667 534.3334,1098.667 534.1667,1098.667 "
      id = "43" />
<path  style="fill:none;stroke:#000000;stroke-width:2;stroke-opacity:1"
       d="M 551.6667,1098.667 551.8334,1098.667 552,1098.667 552.1667,1098.667 552.3334,1098.667 552.5,1098.667 552.6667,1098.667 552.8334,1098.667 553,1098.667 553.1667,1098.667 553.3334,1098.667 "
      id = "44" />
<path  style="fill:none;stroke:#000000;stroke-width:2;stroke-opacity:1"
       d="M 551.5,1098.667 551.3334,1098.667 551.1667,1098.667 551,1098.667 550.8334,1098.667 550.6667,1098.667 550.5,1098.667 550.3334,1098.667 550.1667,1098.667 550,1098.667 "
      id = "45" />
<path  style="fill:none;stroke:#000000;stroke-width:2;stroke-opacity:1"
       d="M 562.8334,1098.667 563,1098.667 563.1667,1098.667 563.3334,1098.667 563.5,1098.667 563.6667,1098.667 563.8334,1098.667 564,1098.667 564.1667,1098.667 564.3334,1098.667 564.5,1098.667 564.6667,1098.667 564.8334,1098.667 565,1098.667 565.1667,1098.667 565.3334,1098.667 565.5,1098.667 "
      id = "46" />
<path  style="fill:none;stroke:#000000;stroke-width:2;stroke-opacity:1"
       d="M 562.6667,1098.667 562.5,1098.667 562.3334,1098.667 562.1667,1098.667 562,1098.667 561.8334,1098.667 561.6667,1098.667 561.5,1098.667 561.3334,1098.667 561.1667,1098.667 561,1098.667 560.8334,1098.667 560.6667,1098.667 560.5,1098.667 560.3334,1098.667 "
      id = "47" />
<path  style="fill:none;stroke:#000000;stroke-width:2;stroke-opacity:1"
       d="M 595.1667,1098.667 595.3334,1098.667 595.5,1098.667 595.6667,1098.667 595.8334,1098.667 596,1098.667 596.1667,1098.667 596.3334,1098.667 596.5,1098.667 596.6667,1098.667 596.8334,1098.667 597,1098.667 597.1667,1098.667 597.3334,1098.667 597.5,1098.667 597.6667,1098.667 597.8334,1098.667 598,1098.667 598.1667,1098.667 "
      id = "48" />
<path  style="fill:none;stroke:#000000;stroke-width:2;stroke-opacity:1"
       d="M 595,1098.667 594.8334,1098.667 594.6667,1098.667 594.5,1098.667 594.3334,1098.667 594.1667,1098.667 594,1098.667 593.8334,1098.667 593.6667,1098.667 593.5,1098.667 593.3334,1098.667 593.1667,1098.667 593,1098.667 592.8334,1098.667 592.6667,1098.667 592.5,1098.667 592.3334,1098.667 592.1667,1098.667 "
      id = "49" />
<path  style="fill:none;stroke:#000000;stroke-width:2;stroke-opacity:1"
       d="M 610,1098.667 610.1667,1098.667 610.3334,1098.667 610.5,1098.667 610.6667,1098.667 610.8334,1098.667 611,1098.667 611.1667,1098.667 611.3334,1098.667 611.5,1098.667 611.6667,1098.667 611.8334,1098.667 612,1098.667 612.1667,1098.667 612.3334,1098.667 612.5,1098.667 612.6667,1098.667 612.8334,1098.667 613,1098.667 613.1667,1098.667 613.3334,1098.667 613.5,1098.667 613.6667,1098.667 613.8334,1098.667 614,1098.667 614.1667,1098.667 614.3334,1098.667 614.5,1098.667 614.6667,1098.667 614.8334,1098.667 615,1098.667 "
      id = "50" />
<path  style="fill:none;stroke:#000000;stroke-width:2;stroke-opacity:1"
       d="M 609.8334,1098.667 609.6667,1098.667 609.5,1098.667 609.3334,1098.667 609.1667,1098.667 609,1098.667 608.8334,1098.667 608.6667,1098.667 608.5,1098.667 608.3334,1098.667 608.1667,1098.667 608,1098.667 607.8334,1098.667 607.6667,1098.667 607.5,1098.667 607.3334,1098.667 607.1667,1098.667 607,1098.667 606.8334,1098.667 606.6667,1098.667 606.5,1098.667 606.3334,1098.667 606.1667,1098.667 606,1098.667 605.8334,1098.667 605.6667,1098.667 605.5,1098.667 605.3334,1098.667 605.1667,1098.667 "
      id = "51" />
<path  style="fill:none;stroke:#000000;stroke-width:2;stroke-opacity:1"
       d="M 616.1667,1098.667 616.3334,1098.667 616.5,1098.667 616,1098.667 615.8334,1098.667 616.1667,1098.667 "
      id = "52" />
<path  style="fill:none;stroke:#000000;stroke-width:2;stroke-opacity:1"
       d="M 617.5,1098.667 617.6667,1098.667 617.8334,1098.667 618,1098.667 617.3334,1098.667 617.1667,1098.667 617.5,1098.667 "
      id = "53" />
<path  style="fill:none;stroke:#000000;stroke-width:2;stroke-opacity:1"
       d="M 672,1098.667 672.1667,1098.667 672.3334,1098.667 672.5,1098.667 672.6667,1098.667 672.8334,1098.667 673,1098.667 673.1667,1098.667 673.3334,1098.667 673.5,1098.667 673.6667,1098.667 673.8334,1098.667 674,1098.667 674.1667,1098.667 674.3334,1098.667 674.5,1098.667 674.6667,1098.667 674.8334,1098.667 675,1098.667 675.1667,1098.667 675.3334,1098.667 675.5,1098.667 675.6667,1098.667 675.8334,1098.667 676,1098.667 676.1667,1098.667 676.3334,1098.667 676.5,1098.667 676.6667,1098.667 676.8334,1098.667 677,1098.667 677.1667,1098.667 677.3334,1098.667 677.5,1098.667 677.6667,1098.667 677.8334,1098.667 678,1098.667 678.1667,1098.667 678.3334,1098.667 678.5,1098.667 678.6667,1098.667 678.8334,1098.667 679,1098.667 679.1667,1098.667 679.3334,1098.667 679.5,1098.667 679.6667,1098.667 679.8334,1098.667 680,1098.667 680.1667,1098.667 680.3334,1098.667 680.5,1098.667 680.6667,1098.667 680.8334,1098.667 681,1098.667 681.1667,1098.667 681.3334,1098.667 681.5,1098.667 681.6667,1098.667 681.8334,1098.667 682,1098.667 682.1667,1098.667 682.3334,1098.667 682.5,1098.667 682.6667,1098.667 682.8334,1098.667 683,1098.667 683.1667,1098.667 683.3334,1098.667 683.5,1098.667 683.6667,1098.667 683.8334,1098.667 684,1098.667 684.1667,1098.667 684.3334,1098.667 684.5,1098.667 684.6667,1098.667 684.8334,1098.667 685,1098.667 685.1667,1098.667 685.3334,1098.667 685.5,1098.667 685.6667,1098.667 685.8334,1098.667 686,1098.667 686.1667,1098.667 686.3334,1098.667 686.5,1098.667 686.6667,1098.667 686.8334,1098.667 687,1098.667 687.1667,1098.667 687.3334,1098.667 687.5,1098.667 687.6667,1098.667 687.8334,1098.667 688,1098.667 688.1667,1098.667 688.3334,1098.667 688.5,1098.667 688.6667,1098.667 688.8334,1098.667 689,1098.667 689.1667,1098.667 689.3334,1098.667 689.5,1098.667 689.6667,1098.667 689.8334,1098.667 690,1098.667 690.1667,1098.667 690.3334,1098.667 690.5,1098.667 690.6667,1098.667 690.8334,1098.667 691,1098.667 691.1667,1098.667 691.3334,1098.667 691.5,1098.667 691.6667,1098.667 691.8334,1098.667 692,1098.667 692.1667,1098.667 692.3334,1098.667 692.5,1098.667 692.6667,1098.667 692.8334,1098.667 693,1098.667 693.1667,1098.667 693.3334,1098.667 693.5,1098.667 693.6667,1098.667 693.8334,1098.667 694,1098.667 694.1667,1098.667 694.3334,1098.667 694.5,1098.667 694.6667,1098.667 694.8334,1098.667 695,1098.667 695.1667,1098.667 "
      id = "54" />
<path  style="fill:none;stroke:#000000;stroke-width:2;stroke-opacity:1"
       d="M 671.8334,1098.667 671.6667,1098.667 671.5,1098.667 671.3334,1098.667 671.1667,1098.667 671,1098.667 670.8334,1098.667 670.6667,1098.667 670.5,1098.667 670.3334,1098.667 670.1667,1098.667 670,1098.667 669.8334,1098.667 669.6667,1098.667 669.5,1098.667 669.3334,1098.667 669.1667,1098.667 669,1098.667 668.8334,1098.667 668.6667,1098.667 668.5,1098.667 668.3334,1098.667 668.1667,1098.667 668,1098.667 667.8334,1098.667 667.6667,1098.667 667.5,1098.667 667.3334,1098.667 667.1667,1098.667 667,1098.667 666.8334,1098.667 666.6667,1098.667 666.5,1098.667 666.3334,1098.667 666.1667,1098.667 666,1098.667 665.8334,1098.667 665.6667,1098.667 665.5,1098.667 665.3334,1098.667 665.1667,1098.667 665,1098.667 664.8334,1098.667 664.6667,1098.667 664.5,1098.667 664.3334,1098.667 664.1667,1098.667 664,1098.667 663.8334,1098.667 663.6667,1098.667 663.5,1098.667 663.3334,1098.667 663.1667,1098.667 663,1098.667 662.8334,1098.667 662.6667,1098.667 662.5,1098.667 662.3334,1098.667 662.1667,1098.667 662,1098.667 661.8334,1098.667 661.6667,1098.667 661.5,1098.667 661.3334,1098.667 661.1667,1098.667 661,1098.667 660.8334,1098.667 660.6667,1098.667 660.5,1098.667 660.3334,1098.667 660.1667,1098.667 660,1098.667 659.8334,1098.667 659.6667,1098.667 659.5,1098.667 659.3334,1098.667 659.1667,1098.667 659,1098.667 658.8334,1098.667 658.6667,1098.667 658.5,1098.667 658.3334,1098.667 658.1667,1098.667 658,1098.667 657.8334,1098.667 657.6667,1098.667 657.5,1098.667 657.3334,1098.667 657.1667,1098.667 657,1098.667 656.8334,1098.667 656.6667,1098.667 656.5,1098.667 656.3334,1098.667 656.1667,1098.667 656,1098.667 655.8334,1098.667 655.6667,1098.667 655.5,1098.667 655.3334,1098.667 655.1667,1098.667 655,1098.667 654.8334,1098.667 654.6667,1098.667 654.5,1098.667 654.3334,1098.667 654.1667,1098.667 654,1098.667 653.8334,1098.667 653.6667,1098.667 653.5,1098.667 653.3334,1098.667 653.1667,1098.667 653,1098.667 652.8334,1098.667 652.6667,1098.667 652.5,1098.667 652.3334,1098.667 652.1667,1098.667 652,1098.667 651.8334,1098.667 651.6667,1098.667 651.5,1098.667 651.3334,1098.667 651.1667,1098.667 651,1098.667 650.8334,1098.667 650.6667,1098.667 650.5,1098.667 650.3334,1098.667 650.1667,1098.667 650,1098.667 649.8334,1098.667 649.6667,1098.667 649.5,1098.667 649.3334,1098.667 649.1667,1098.667 649,1098.667 "
      id = "55" />
<path  style="fill:none;stroke:#000000;stroke-width:2;stroke-opacity:1"
       d="M 729.1667,1098.667 729.3334,1098.667 729.5,1098.667 729.6667,1098.667 729.8334,1098.667 730,1098.667 730.1667,1098.667 730.3334,1098.667 730.5,1098.667 730.6667,1098.667 730.8334,1098.667 731,1098.667 731.1667,1098.667 731.3334,1098.667 731.5,1098.667 731.6667,1098.667 731.8334,1098.667 732,1098.667 732.1667,1098.667 732.3334,1098.667 "
      id = "56" />
<path  style="fill:none;stroke:#000000;stroke-width:2;stroke-opacity:1"
       d="M 729,1098.667 728.8334,1098.667 728.6667,1098.667 728.5,1098.667 728.3334,1098.667 728.1667,1098.667 728,1098.667 727.8334,1098.667 727.6667,1098.667 727.5,1098.667 727.3334,1098.667 727.1667,1098.667 727,1098.667 726.8334,1098.667 726.6667,1098.667 726.5,1098.667 726.3334,1098.667 726.1667,1098.667 726,1098.667 "
      id = "57" />
<path  style="fill:none;stroke:#000000;stroke-width:2;stroke-opacity:1"
       d="M 806.8334,1098.667 807,1098.667 807.1667,1098.667 807.3334,1098.667 807.5,1098.667 807.6667,1098.667 807.8334,1098.667 808,1098.667 808.1667,1098.667 808.3334,1098.667 808.5,1098.667 808.6667,1098.667 808.8334,1098.667 809,1098.667 809.1667,1098.667 809.3334,1098.667 809.5,1098.667 809.6667,1098.667 809.8334,1098.667 810,1098.667 "
      id = "58" />
<path  style="fill:none;stroke:#000000;stroke-width:2;stroke-opacity:1"
       d="M 806.6667,1098.667 806.5,1098.667 806.3334,1098.667 806.1667,1098.667 806,1098.667 805.8334,1098.667 805.6667,1098.667 805.5,1098.667 805.3334,1098.667 805.1667,1098.667 805,1098.667 804.8334,1098.667 804.6667,1098.667 804.5,1098.667 804.3334,1098.667 804.1667,1098.667 804,1098.667 803.8334,1098.667 803.6667,1098.667 "
      id = "59" />
<path  style="fill:none;stroke:#000000;stroke-width:2;stroke-opacity:1"
       d="M 70,570.6667 70.16667,570.6667 70.33334,570.6667 70.5,570.6667 70.66667,570.6667 70.83334,570.6667 71,570.6667 71.16667,570.6667 71.33334,570.6667 71.5,570.6667 71.66667,570.6667 71.83334,570.6667 72,570.6667 72.16667,570.6667 72.33334,570.6667 72.5,570.6667 72.66667,570.6667 72.83334,570.6667 73,570.6667 73.16667,570.6667 73.33334,570.6667 73.5,570.6667 73.66667,570.6667 73.83334,570.6667 74,570.6667 74.16667,570.6667 74.33334,570.6667 74.5,570.6667 74.66667,570.6667 74.83334,570.6667 75,570.6667 75.16667,570.6667 75.33334,570.6667 75.5,570.6667 75.66667,570.6667 75.83334,570.6667 76,570.6667 76.16667,570.6667 76.33334,570.6667 76.5,570.6667 76.66667,570.6667 76.83334,570.6667 77,570.6667 77.16667,570.6667 77.33334,570.6667 77.5,570.6667 77.66667,570.6667 77.83334,570.6667 78,570.6667 78.16667,570.6667 78.33334,570.6667 78.5,570.6667 78.66667,570.6667 78.83334,570.6667 79,570.6667 79.16667,570.6667 79.33334,570.6667 79.5,570.6667 79.66667,570.6667 79.83334,570.6667 80,570.6667 80.16667,570.6667 80.33334,570.6667 80.5,570.6667 80.66667,570.6667 80.83334,570.6667 81,570.6667 81.16667,570.6667 81.33334,570.6667 81.5,570.6667 81.66667,570.6667 81.83334,570.6667 82,570.6667 82.16667,570.6667 82.33334,570.6667 82.5,570.6667 82.66667,570.6667 82.83334,570.6667 83,570.6667 83.16667,570.6667 83.33334,570.6667 83.5,570.6667 83.66667,570.6667 83.83334,570.6667 "
      id = "60" />
<path  style="fill:none;stroke:#000000;stroke-width:2;stroke-opacity:1"
       d="M 69.83334,570.6667 69.66667,570.6667 69.5,570.6667 69.33334,570.6667 69.16667,570.6667 69,570.6667 68.83334,570.6667 68.66667,570.6667 68.5,570.6667 68.33334,570.6667 68.16667,570.6667 68,570.6667 67.83334,570.6667 67.66667,570.6667 67.5,570.6667 67.33334,570.6667 67.16667,570.6667 67,570.6667 66.83334,570.6667 66.66667,570.6667 66.5,570.6667 66.33334,570.6667 66.16667,570.6667 66,570.6667 65.83334,570.6667 65.66667,570.6667 65.5,570.6667 65.33334,570.6667 65.16667,570.6667 65,570.6667 64.83334,570.6667 64.66667,570.6667 64.5,570.6667 64.33334,570.6667 64.16667,570.6667 64,570.6667 63.83334,570.6667 63.66667,570.6667 63.5,570.6667 63.33334,570.6667 63.16667,570.6667 63,570.6667 62.83334,570.6667 62.66667,570.6667 62.5,570.6667 62.33334,570.6667 62.16667,570.6667 62,570.6667 61.83334,570.6667 61.66667,570.6667 61.5,570.6667 61.33334,570.6667 61.16667,570.6667 61,570.6667 60.83334,570.6667 60.66667,570.6667 60.5,570.6667 60.33334,570.6667 60.16667,570.6667 60,570.6667 59.83334,570.6667 59.66667,570.6667 59.5,570.6667 59.33334,570.6667 59.16667,570.6667 59,570.6667 58.83334,570.6667 58.66667,570.6667 58.5,570.6667 58.33334,570.6667 58.16667,570.6667 58,570.6667 57.83334,570.6667 57.66667,570.6667 57.5,570.6667 57.33334,570.6667 57.16667,570.6667 57,570.6667 56.83334,570.6667 56.66667,570.6667 56.5,570.6667 56.33334,570.6667 "
      id = "61" />
<path  style="fill:none;stroke:#000000;stroke-width:2;stroke-opacity:1"
       d="M 121.8333,570.6667 122,570.6667 122.1667,570.6667 122.3333,570.6667 122.5,570.6667 122.6667,570.6667 122.8333,570.6667 123,570.6667 123.1667,570.6667 123.3333,570.6667 123.5,570.6667 123.6667,570.6667 123.8333,570.6667 124,570.6667 124.1667,570.6667 124.3333,570.6667 124.5,570.6667 124.6667,570.6667 124.8333,570.6667 125,570.6667 125.1667,570.6667 125.3333,570.6667 125.5,570.6667 125.6667,570.6667 125.8333,570.6667 126,570.6667 126.1667,570.6667 126.3333,570.6667 126.5,570.6667 126.6667,570.6667 126.8333,570.6667 127,570.6667 127.1667,570.6667 127.3333,570.6667 127.5,570.6667 127.6667,570.6667 127.8333,570.6667 128,570.6667 128.1667,570.6667 128.3333,570.6667 128.5,570.6667 128.6667,570.6667 128.8333,570.6667 129,570.6667 129.1667,570.6667 129.3333,570.6667 129.5,570.6667 129.6667,570.6667 129.8333,570.6667 130,570.6667 130.1667,570.6667 130.3333,570.6667 130.5,570.6667 130.6667,570.6667 130.8333,570.6667 131,570.6667 131.1667,570.6667 131.3333,570.6667 131.5,570.6667 131.6667,570.6667 131.8333,570.6667 132,570.6667 132.1667,570.6667 132.3333,570.6667 132.5,570.6667 132.6667,570.6667 132.8333,570.6667 133,570.6667 133.1667,570.6667 133.3333,570.6667 133.5,570.6667 133.6667,570.6667 133.8333,570.6667 134,570.6667 134.1667,570.6667 134.3333,570.6667 134.5,570.6667 134.6667,570.6667 134.8333,570.6667 135,570.6667 135.1667,570.6667 135.3333,570.6667 135.5,570.6667 135.6667,570.6667 "
      id = "62" />
<path  style="fill:none;stroke:#000000;stroke-width:2;stroke-opacity:1"
       d="M 121.6667,570.6667 121.5,570.6667 121.3333,570.6667 121.1667,570.6667 121,570.6667 120.8333,570.6667 120.6667,570.6667 120.5,570.6667 120.3333,570.6667 120.1667,570.6667 120,570.6667 119.8333,570.6667 119.6667,570.6667 119.5,570.6667 119.3333,570.6667 119.1667,570.6667 119,570.6667 118.8333,570.6667 118.6667,570.6667 118.5,570.6667 118.3333,570.6667 118.1667,570.6667 118,570.6667 117.8333,570.6667 117.6667,570.6667 117.5,570.6667 117.3333,570.6667 117.1667,570.6667 117,570.6667 116.8333,570.6667 116.6667,570.6667 116.5,570.6667 116.3333,570.6667 116.1667,570.6667 116,570.6667 115.8333,570.6667 115.6667,570.6667 115.5,570.6667 115.3333,570.6667 115.1667,570.6667 115,570.6667 114.8333,570.6667 114.6667,570.6667 114.5,570.6667 114.3333,570.6667 114.1667,570.6667 114,570.6667 113.8333,570.6667 113.6667,570.6667 113.5,570.6667 113.3333,570.6667 113.1667,570.6667 113,570.6667 112.8333,570.6667 112.6667,570.6667 112.5,570.6667 112.3333,570.6667 112.1667,570.6667 112,570.6667 111.8333,570.6667 111.6667,570.6667 111.5,570.6667 111.3333,570.6667 111.1667,570.6667 111,570.6667 110.8333,570.6667 110.6667,570.6667 110.5,570.6667 110.3333,570.6667 110.1667,570.6667 110,570.6667 109.8333,570.6667 109.6667,570.6667 109.5,570.6667 109.3333,570.6667 109.1667,570.6667 109,570.6667 108.8333,570.6667 108.6667,570.6667 108.5,570.6667 108.3333,570.6667 108.1667,570.6667 "
      id = "63" />
<path  style="fill:none;stroke:#000000;stroke-width:2;stroke-opacity:1"
       d="M 192,570.6667 192.1667,570.6667 192.3333,570.6667 192.5,570.6667 192.6667,570.6667 192.8333,570.6667 193,570.6667 193.1667,570.6667 193.3333,570.6667 193.5,570.6667 193.6667,570.6667 193.8333,570.6667 194,570.6667 194.1667,570.6667 194.3333,570.6667 194.5,570.6667 194.6667,570.6667 194.8333,570.6667 195,570.6667 195.1667,570.6667 195.3333,570.6667 195.5,570.6667 195.6667,570.6667 195.8333,570.6667 196,570.6667 196.1667,570.6667 196.3333,570.6667 196.5,570.6667 196.6667,570.6667 196.8333,570.6667 197,570.6667 197.1667,570.6667 197.3333,570.6667 197.5,570.6667 197.6667,570.6667 197.8333,570.6667 198,570.6667 198.1667,570.6667 198.3333,570.6667 198.5,570.6667 198.6667,570.6667 198.8333,570.6667 199,570.6667 199.1667,570.6667 199.3333,570.6667 199.5,570.6667 199.6667,570.6667 199.8333,570.6667 200,570.6667 200.1667,570.6667 200.3333,570.6667 200.5,570.6667 200.6667,570.6667 200.8333,570.6667 201,570.6667 201.1667,570.6667 201.3333,570.6667 201.5,570.6667 201.6667,570.6667 201.8333,570.6667 202,570.6667 202.1667,570.6667 202.3333,570.6667 202.5,570.6667 202.6667,570.6667 202.8333,570.6667 203,570.6667 203.1667,570.6667 203.3333,570.6667 203.5,570.6667 203.6667,570.6667 203.8333,570.6667 204,570.6667 204.1667,570.6667 204.3333,570.6667 204.5,570.6667 204.6667,570.6667 204.8333,570.6667 205,570.6667 205.1667,570.6667 205.3333,570.6667 205.5,570.6667 205.6667,570.6667 205.8333,570.6667 206,570.6667 206.1667,570.6667 206.3333,570.6667 206.5,570.6667 206.6667,570.6667 206.8333,570.6667 207,570.6667 207.1667,570.6667 207.3333,570.6667 207.5,570.6667 207.6667,570.6667 207.8333,570.6667 208,570.6667 208.1667,570.6667 208.3333,570.6667 208.5,570.6667 208.6667,570.6667 208.8333,570.6667 209,570.6667 209.1667,570.6667 209.3333,570.6667 209.5,570.6667 209.6667,570.6667 209.8333,570.6667 210,570.6667 210.1667,570.6667 210.3333,570.6667 210.5,570.6667 210.6667,570.6667 210.8333,570.6667 211,570.6667 211.1667,570.6667 211.3333,570.6667 211.5,570.6667 211.6667,570.6667 211.8333,570.6667 212,570.6667 212.1667,570.6667 212.3333,570.6667 212.5,570.6667 212.6667,570.6667 212.8333,570.6667 213,570.6667 213.1667,570.6667 213.3333,570.6667 213.5,570.6667 213.6667,570.6667 213.8333,570.6667 214,570.6667 214.1667,570.6667 214.3333,570.6667 214.5,570.6667 214.6667,570.6667 214.8333,570.6667 215,570.6667 215.1667,570.6667 215.3333,570.6667 215.5,570.6667 215.6667,570.6667 215.8333,570.6667 216,570.6667 216.1667,570.6667 216.3333,570.6667 216.5,570.6667 216.6667,570.6667 216.8333,570.6667 217,570.6667 217.1667,570.6667 217.3333,570.6667 217.5,570.6667 217.6667,570.6667 217.8333,570.6667 218,570.6667 218.1667,570.6667 218.3333,570.6667 218.5,570.6667 218.6667,570.6667 218.8333,570.6667 219,570.6667 219.1667,570.6667 219.3333,570.6667 219.5,570.6667 219.6667,570.6667 219.8333,570.6667 220,570.6667 220.1667,570.6667 220.3333,570.6667 220.5,570.6667 220.6667,570.6667 220.8333,570.6667 221,570.6667 "
      id = "64" />
<path  style="fill:none;stroke:#000000;stroke-width:2;stroke-opacity:1"
       d="M 191.8333,570.6667 191.6667,570.6667 191.5,570.6667 191.3333,570.6667 191.1667,570.6667 191,570.6667 190.8333,570.6667 190.6667,570.6667 190.5,570.6667 190.3333,570.6667 190.1667,570.6667 190,570.6667 189.8333,570.6667 189.6667,570.6667 189.5,570.6667 189.3333,570.6667 189.1667,570.6667 189,570.6667 188.8333,570.6667 188.6667,570.6667 188.5,570.6667 188.3333,570.6667 188.1667,570.6667 188,570.6667 187.8333,570.6667 187.6667,570.6667 187.5,570.6667 187.3333,570.6667 187.1667,570.6667 187,570.6667 186.8333,570.6667 186.6667,570.6667 186.5,570.6667 186.3333,570.6667 186.1667,570.6667 186,570.6667 185.8333,570.6667 185.6667,570.6667 185.5,570.6667 185.3333,570.6667 185.1667,570.6667 185,570.6667 184.8333,570.6667 184.6667,570.6667 184.5,570.6667 184.3333,570.6667 184.1667,570.6667 184,570.6667 183.8333,570.6667 183.6667,570.6667 183.5,570.6667 183.3333,570.6667 183.1667,570.6667 183,570.6667 182.8333,570.6667 182.6667,570.6667 182.5,570.6667 182.3333,570.6667 182.1667,570.6667 182,570.6667 181.8333,570.6667 181.6667,570.6667 181.5,570.6667 181.3333,570.6667 181.1667,570.6667 181,570.6667 180.8333,570.6667 180.6667,570.6667 180.5,570.6667 180.3333,570.6667 180.1667,570.6667 180,570.6667 179.8333,570.6667 179.6667,570.6667 179.5,570.6667 179.3333,570.6667 179.1667,570.6667 179,570.6667 178.8333,570.6667 178.6667,570.6667 178.5,570.6667 178.3333,570.6667 178.1667,570.6667 178,570.6667 177.8333,570.6667 177.6667,570.6667 177.5,570.6667 177.3333,570.6667 177.1667,570.6667 177,570.6667 176.8333,570.6667 176.6667,570.6667 176.5,570.6667 176.3333,570.6667 176.1667,570.6667 176,570.6667 175.8333,570.6667 175.6667,570.6667 175.5,570.6667 175.3333,570.6667 175.1667,570.6667 175,570.6667 174.8333,570.6667 174.6667,570.6667 174.5,570.6667 174.3333,570.6667 174.1667,570.6667 174,570.6667 173.8333,570.6667 173.6667,570.6667 173.5,570.6667 173.3333,570.6667 173.1667,570.6667 173,570.6667 172.8333,570.6667 172.6667,570.6667 172.5,570.6667 172.3333,570.6667 172.1667,570.6667 172,570.6667 171.8333,570.6667 171.6667,570.6667 171.5,570.6667 171.3333,570.6667 171.1667,570.6667 171,570.6667 170.8333,570.6667 170.6667,570.6667 170.5,570.6667 170.3333,570.6667 170.1667,570.6667 170,570.6667 169.8333,570.6667 169.6667,570.6667 169.5,570.6667 169.3333,570.6667 169.1667,570.6667 169,570.6667 168.8333,570.6667 168.6667,570.6667 168.5,570.6667 168.3333,570.6667 168.1667,570.6667 168,570.6667 167.8333,570.6667 167.6667,570.6667 167.5,570.6667 167.3333,570.6667 167.1667,570.6667 167,570.6667 166.8333,570.6667 166.6667,570.6667 166.5,570.6667 166.3333,570.6667 166.1667,570.6667 166,570.6667 165.8333,570.6667 165.6667,570.6667 165.5,570.6667 165.3333,570.6667 165.1667,570.6667 165,570.6667 164.8333,570.6667 164.6667,570.6667 164.5,570.6667 164.3333,570.6667 164.1667,570.6667 164,570.6667 163.8333,570.6667 163.6667,570.6667 163.5,570.6667 163.3333,570.6667 163.1667,570.6667 163,570.6667 "
      id = "65" />
<path  style="fill:none;stroke:#000000;stroke-width:2;stroke-opacity:1"
       d="M 263,570.6667 263.1667,570.6667 263.3333,570.6667 263.5,570.6667 263.6667,570.6667 263.8333,570.6667 264,570.6667 264.1667,570.6667 264.3333,570.6667 264.5,570.6667 264.6667,570.6667 264.8333,570.6667 265,570.6667 265.1667,570.6667 "
      id = "66" />
<path  style="fill:none;stroke:#000000;stroke-width:2;stroke-opacity:1"
       d="M 262.8333,570.6667 262.6667,570.6667 262.5,570.6667 262.3333,570.6667 262.1667,570.6667 262,570.6667 261.8333,570.6667 261.6667,570.6667 261.5,570.6667 261.3333,570.6667 261.1667,570.6667 261,570.6667 260.8333,570.6667 "
      id = "67" />
<path  style="fill:none;stroke:#000000;stroke-width:2;stroke-opacity:1"
       d="M 291,570.6667 291.1667,570.6667 291.3333,570.6667 291.5,570.6667 291.6667,570.6667 291.8333,570.6667 292,570.6667 292.1667,570.6667 292.3333,570.6667 292.5,570.6667 292.6667,570.6667 292.8333,570.6667 293,570.6667 293.1667,570.6667 293.3333,570.6667 293.5,570.6667 293.6667,570.6667 293.8333,570.6667 294,570.6667 294.1667,570.6667 294.3333,570.6667 294.5,570.6667 294.6667,570.6667 294.8333,570.6667 295,570.6667 295.1667,570.6667 295.3333,570.6667 295.5,570.6667 295.6667,570.6667 295.8333,570.6667 296,570.6667 296.1667,570.6667 296.3333,570.6667 296.5,570.6667 296.6667,570.6667 296.8333,570.6667 297,570.6667 297.1667,570.6667 297.3333,570.6667 297.5,570.6667 297.6667,570.6667 297.8333,570.6667 298,570.6667 298.1667,570.6667 298.3333,570.6667 298.5,570.6667 298.6667,570.6667 298.8333,570.6667 299,570.6667 299.1667,570.6667 299.3333,570.6667 299.5,570.6667 299.6667,570.6667 299.8333,570.6667 300,570.6667 300.1667,570.6667 300.3333,570.6667 300.5,570.6667 300.6667,570.6667 300.8333,570.6667 301,570.6667 301.1667,570.6667 301.3333,570.6667 301.5,570.6667 301.6667,570.6667 301.8333,570.6667 302,570.6667 302.1667,570.6667 302.3333,570.6667 302.5,570.6667 302.6667,570.6667 302.8333,570.6667 303,570.6667 303.1667,570.6667 303.3333,570.6667 303.5,570.6667 303.6667,570.6667 303.8333,570.6667 304,570.6667 304.1667,570.6667 304.3333,570.6667 304.5,570.6667 304.6667,570.6667 304.8333,570.6667 305,570.6667 305.1667,570.6667 305.3333,570.6667 305.5,570.6667 305.6667,570.6667 305.8333,570.6667 306,570.6667 306.1667,570.6667 306.3333,570.6667 306.5,570.6667 306.6667,570.6667 306.8333,570.6667 307,570.6667 307.1667,570.6667 307.3333,570.6667 307.5,570.6667 307.6667,570.6667 307.8333,570.6667 308,570.6667 308.1667,570.6667 308.3333,570.6667 308.5,570.6667 308.6667,570.6667 308.8333,570.6667 309,570.6667 309.1667,570.6667 309.3333,570.6667 309.5,570.6667 309.6667,570.6667 309.8333,570.6667 310,570.6667 310.1667,570.6667 310.3333,570.6667 310.5,570.6667 310.6667,570.6667 310.8333,570.6667 311,570.6667 311.1667,570.6667 311.3333,570.6667 311.5,570.6667 311.6667,570.6667 311.8333,570.6667 312,570.6667 312.1667,570.6667 312.3333,570.6667 312.5,570.6667 312.6667,570.6667 312.8333,570.6667 313,570.6667 313.1667,570.6667 313.3333,570.6667 313.5,570.6667 313.6667,570.6667 313.8333,570.6667 314,570.6667 314.1667,570.6667 314.3333,570.6667 314.5,570.6667 314.6667,570.6667 "
      id = "68" />
<path  style="fill:none;stroke:#000000;stroke-width:2;stroke-opacity:1"
       d="M 290.8333,570.6667 290.6667,570.6667 290.5,570.6667 290.3333,570.6667 290.1667,570.6667 290,570.6667 289.8333,570.6667 289.6667,570.6667 289.5,570.6667 289.3333,570.6667 289.1667,570.6667 289,570.6667 288.8333,570.6667 288.6667,570.6667 288.5,570.6667 288.3333,570.6667 288.1667,570.6667 288,570.6667 287.8333,570.6667 287.6667,570.6667 287.5,570.6667 287.3333,570.6667 287.1667,570.6667 287,570.6667 286.8333,570.6667 286.6667,570.6667 286.5,570.6667 286.3333,570.6667 286.1667,570.6667 286,570.6667 285.8333,570.6667 285.6667,570.6667 285.5,570.6667 285.3333,570.6667 285.1667,570.6667 285,570.6667 284.8333,570.6667 284.6667,570.6667 284.5,570.6667 284.3333,570.6667 284.1667,570.6667 284,570.6667 283.8333,570.6667 283.6667,570.6667 283.5,570.6667 283.3333,570.6667 283.1667,570.6667 283,570.6667 282.8333,570.6667 282.6667,570.6667 282.5,570.6667 282.3333,570.6667 282.1667,570.6667 282,570.6667 281.8333,570.6667 281.6667,570.6667 281.5,570.6667 281.3333,570.6667 281.1667,570.6667 281,570.6667 280.8333,570.6667 280.6667,570.6667 280.5,570.6667 280.3333,570.6667 280.1667,570.6667 280,570.6667 279.8333,570.6667 279.6667,570.6667 279.5,570.6667 279.3333,570.6667 279.1667,570.6667 279,570.6667 278.8333,570.6667 278.6667,570.6667 278.5,570.6667 278.3333,570.6667 278.1667,570.6667 278,570.6667 277.8333,570.6667 277.6667,570.6667 277.5,570.6667 277.3333,570.6667 277.1667,570.6667 277,570.6667 276.8333,570.6667 276.6667,570.6667 276.5,570.6667 276.3333,570.6667 276.1667,570.6667 276,570.6667 275.8333,570.6667 275.6667,570.6667 275.5,570.6667 275.3333,570.6667 275.1667,570.6667 275,570.6667 274.8333,570.6667 274.6667,570.6667 274.5,570.6667 274.3333,570.6667 274.1667,570.6667 274,570.6667 273.8333,570.6667 273.6667,570.6667 273.5,570.6667 273.3333,570.6667 273.1667,570.6667 273,570.6667 272.8333,570.6667 272.6667,570.6667 272.5,570.6667 272.3333,570.6667 272.1667,570.6667 272,570.6667 271.8333,570.6667 271.6667,570.6667 271.5,570.6667 271.3333,570.6667 271.1667,570.6667 271,570.6667 270.8333,570.6667 270.6667,570.6667 270.5,570.6667 270.3333,570.6667 270.1667,570.6667 270,570.6667 269.8333,570.6667 269.6667,570.6667 269.5,570.6667 269.3333,570.6667 269.1667,570.6667 269,570.6667 268.8333,570.6667 268.6667,570.6667 268.5,570.6667 268.3333,570.6667 268.1667,570.6667 268,570.6667 267.8333,570.6667 267.6667,570.6667 267.5,570.6667 267.3333,570.6667 "
      id = "69" />
<path  style="fill:none;stroke:#000000;stroke-width:2;stroke-opacity:1"
       d="M 343.3333,570.6667 343.5,570.6667 343.6667,570.6667 343.8333,570.6667 344,570.6667 344.1667,570.6667 344.3333,570.6667 344.5,570.6667 344.6667,570.6667 "
      id = "70" />
<path  style="fill:none;stroke:#000000;stroke-width:2;stroke-opacity:1"
       d="M 343.1667,570.6667 343,570.6667 342.8333,570.6667 342.6667,570.6667 342.5,570.6667 342.3333,570.6667 342.1667,570.6667 342,570.6667 "
      id = "71" />
<path  style="fill:none;stroke:#000000;stroke-width:2;stroke-opacity:1"
       d="M 348.3333,570.6667 348.5,570.6667 348.6667,570.6667 348.8333,570.6667 349,570.6667 348.1667,570.6667 348,570.6667 347.8333,570.6667 348.3333,570.6667 "
      id = "72" />
<path  style="fill:none;stroke:#000000;stroke-width:2;stroke-opacity:1"
       d="M 364.6667,570.6667 364.8333,570.6667 365,570.6667 365.1667,570.6667 365.3333,570.6667 364.5,570.6667 364.3333,570.6667 364.1667,570.6667 364,570.6667 364.6667,570.6667 "
      id = "73" />
<path  style="fill:none;stroke:#000000;stroke-width:2;stroke-opacity:1"
       d="M 370.3333,570.6667 370.5,570.6667 370.6667,570.6667 370.8333,570.6667 371,570.6667 371.1667,570.6667 371.3333,570.6667 371.5,570.6667 371.6667,570.6667 371.8333,570.6667 372,570.6667 372.1667,570.6667 372.3333,570.6667 372.5,570.6667 372.6667,570.6667 372.8333,570.6667 373,570.6667 373.1667,570.6667 373.3333,570.6667 373.5,570.6667 373.6667,570.6667 373.8333,570.6667 374,570.6667 374.1667,570.6667 374.3333,570.6667 374.5,570.6667 "
      id = "74" />
<path  style="fill:none;stroke:#000000;stroke-width:2;stroke-opacity:1"
       d="M 370.1667,570.6667 370,570.6667 369.8333,570.6667 369.6667,570.6667 369.5,570.6667 369.3333,570.6667 369.1667,570.6667 369,570.6667 368.8333,570.6667 368.6667,570.6667 368.5,570.6667 368.3333,570.6667 368.1667,570.6667 368,570.6667 367.8333,570.6667 367.6667,570.6667 367.5,570.6667 367.3333,570.6667 367.1667,570.6667 367,570.6667 366.8333,570.6667 366.6667,570.6667 366.5,570.6667 366.3333,570.6667 "
      id = "75" />
<path  style="fill:none;stroke:#000000;stroke-width:2;stroke-opacity:1"
       d="M 378,570.6667 378.1667,570.6667 378.3333,570.6667 378.5,570.6667 378.6667,570.6667 378.8333,570.6667 379,570.6667 379.1667,570.6667 379.3333,570.6667 "
      id = "76" />
<path  style="fill:none;stroke:#000000;stroke-width:2;stroke-opacity:1"
       d="M 377.8333,570.6667 377.6667,570.6667 377.5,570.6667 377.3333,570.6667 377.1667,570.6667 377,570.6667 376.8333,570.6667 376.6667,570.6667 "
      id = "77" />
<path  style="fill:none;stroke:#000000;stroke-width:2;stroke-opacity:1"
       d="M 383,570.6667 383.1667,570.6667 383.3333,570.6667 383.5,570.6667 383.6667,570.6667 383.8333,570.6667 384,570.6667 384.1667,570.6667 384.3333,570.6667 384.5,570.6667 384.6667,570.6667 "
      id = "78" />
<path  style="fill:none;stroke:#000000;stroke-width:2;stroke-opacity:1"
       d="M 382.8333,570.6667 382.6667,570.6667 382.5,570.6667 382.3333,570.6667 382.1667,570.6667 382,570.6667 381.8333,570.6667 381.6667,570.6667 381.5,570.6667 381.3333,570.6667 "
      id = "79" />
<path  style="fill:none;stroke:#000000;stroke-width:2;stroke-opacity:1"
       d="M 386.8333,570.6667 387,570.6667 386.6667,570.6667 386.8333,570.6667 "
      id = "80" />
<path  style="fill:none;stroke:#000000;stroke-width:2;stroke-opacity:1"
       d="M 389.8333,570.6667 390,570.6667 390.1667,570.6667 390.3333,570.6667 390.5,570.6667 390.6667,570.6667 390.8333,570.6667 391,570.6667 391.1667,570.6667 391.3333,570.6667 391.5,570.6667 391.6667,570.6667 391.8333,570.6667 392,570.6667 392.1667,570.6667 "
      id = "81" />
<path  style="fill:none;stroke:#000000;stroke-width:2;stroke-opacity:1"
       d="M 389.6667,570.6667 389.5,570.6667 389.3333,570.6667 389.1667,570.6667 389,570.6667 388.8333,570.6667 388.6667,570.6667 388.5,570.6667 388.3333,570.6667 388.1667,570.6667 388,570.6667 387.8333,570.6667 387.6667,570.6667 "
      id = "82" />
<path  style="fill:none;stroke:#000000;stroke-width:2;stroke-opacity:1"
       d="M 400.3333,570.6667 400.5,570.6667 400.6667,570.6667 400.8333,570.6667 401,570.6667 401.1667,570.6667 401.3333,570.6667 401.5,570.6667 401.6667,570.6667 401.8333,570.6667 402,570.6667 402.1667,570.6667 402.3333,570.6667 402.5,570.6667 402.6667,570.6667 402.8333,570.6667 403,570.6667 403.1667,570.6667 403.3333,570.6667 403.5,570.6667 403.6667,570.6667 403.8333,570.6667 404,570.6667 404.1667,570.6667 404.3333,570.6667 404.5,570.6667 404.6667,570.6667 404.8333,570.6667 405,570.6667 405.1667,570.6667 405.3333,570.6667 "
      id = "83" />
<path  style="fill:none;stroke:#000000;stroke-width:2;stroke-opacity:1"
       d="M 400.1667,570.6667 400,570.6667 399.8333,570.6667 399.6667,570.6667 399.5,570.6667 399.3333,570.6667 399.1667,570.6667 399,570.6667 398.8333,570.6667 398.6667,570.6667 398.5,570.6667 398.3333,570.6667 398.1667,570.6667 398,570.6667 397.8333,570.6667 397.6667,570.6667 397.5,570.6667 397.3333,570.6667 397.1667,570.6667 397,570.6667 396.8333,570.6667 396.6667,570.6667 396.5,570.6667 396.3333,570.6667 396.1667,570.6667 396,570.6667 395.8333,570.6667 395.6667,570.6667 395.5,570.6667 "
      id = "84" />
<path  style="fill:none;stroke:#000000;stroke-width:2;stroke-opacity:1"
       d="M 411.6667,570.6667 411.8333,570.6667 412,570.6667 412.1667,570.6667 412.3333,570.6667 412.5,570.6667 412.6667,570.6667 412.8333,570.6667 413,570.6667 413.1667,570.6667 413.3333,570.6667 413.5,570.6667 "
      id = "85" />
<path  style="fill:none;stroke:#000000;stroke-width:2;stroke-opacity:1"
       d="M 411.5,570.6667 411.3333,570.6667 411.1667,570.6667 411,570.6667 410.8333,570.6667 410.6667,570.6667 410.5,570.6667 410.3333,570.6667 410.1667,570.6667 410,570.6667 "
      id = "86" />
<path  style="fill:none;stroke:#000000;stroke-width:2;stroke-opacity:1"
       d="M 425,570.6667 425.1667,570.6667 425.3333,570.6667 425.5,570.6667 425.6667,570.6667 425.8333,570.6667 426,570.6667 "
      id = "87" />
<path  style="fill:none;stroke:#000000;stroke-width:2;stroke-opacity:1"
       d="M 424.8333,570.6667 424.6667,570.6667 424.5,570.6667 424.3333,570.6667 424.1667,570.6667 424.8333,570.6667 "
      id = "88" />
<path  style="fill:none;stroke:#000000;stroke-width:2;stroke-opacity:1"
       d="M 439.5,570.6667 439.6667,570.6667 439.8333,570.6667 440,570.6667 440.1667,570.6667 440.3333,570.6667 440.5,570.6667 440.6667,570.6667 440.8333,570.6667 441,570.6667 441.1667,570.6667 "
      id = "89" />
<path  style="fill:none;stroke:#000000;stroke-width:2;stroke-opacity:1"
       d="M 439.3333,570.6667 439.1667,570.6667 439,570.6667 438.8333,570.6667 438.6667,570.6667 438.5,570.6667 438.3333,570.6667 438.1667,570.6667 438,570.6667 "
      id = "90" />
<path  style="fill:none;stroke:#000000;stroke-width:2;stroke-opacity:1"
       d="M 448.1667,570.6667 448.3333,570.6667 448.5,570.6667 448.6667,570.6667 448.8333,570.6667 449,570.6667 449.1667,570.6667 449.3333,570.6667 449.5,570.6667 449.6667,570.6667 449.8333,570.6667 450,570.6667 450.1667,570.6667 450.3333,570.6667 450.5,570.6667 450.6667,570.6667 450.8333,570.6667 451,570.6667 451.1667,570.6667 451.3333,570.6667 451.5,570.6667 451.6667,570.6667 "
      id = "91" />
<path  style="fill:none;stroke:#000000;stroke-width:2;stroke-opacity:1"
       d="M 448,570.6667 447.8333,570.6667 447.6667,570.6667 447.5,570.6667 447.3333,570.6667 447.1667,570.6667 447,570.6667 446.8333,570.6667 446.6667,570.6667 446.5,570.6667 446.3333,570.6667 446.1667,570.6667 446,570.6667 445.8333,570.6667 445.6667,570.6667 445.5,570.6667 445.3333,570.6667 445.1667,570.6667 445,570.6667 444.8333,570.6667 "
      id = "92" />
<path  style="fill:none;stroke:#000000;stroke-width:2;stroke-opacity:1"
       d="M 462.3333,570.6667 462.5,570.6667 462.6667,570.6667 462.8333,570.6667 463,570.6667 463.1667,570.6667 463.3333,570.6667 463.5,570.6667 463.6667,570.6667 463.8333,570.6667 464,570.6667 464.1667,570.6667 464.3333,570.6667 "
      id = "93" />
<path  style="fill:none;stroke:#000000;stroke-width:2;stroke-opacity:1"
       d="M 462.1667,570.6667 462,570.6667 461.8333,570.6667 461.6667,570.6667 461.5,570.6667 461.3333,570.6667 461.1667,570.6667 461,570.6667 460.8333,570.6667 460.6667,570.6667 460.5,570.6667 "
      id = "94" />
<path  style="fill:none;stroke:#000000;stroke-width:2;stroke-opacity:1"
       d="M 467.5,570.6667 467.6667,570.6667 467.8333,570.6667 468,570.6667 468.1667,570.6667 468.3333,570.6667 468.5,570.6667 468.6667,570.6667 "
      id = "95" />
<path  style="fill:none;stroke:#000000;stroke-width:2;stroke-opacity:1"
       d="M 467.3333,570.6667 467.1667,570.6667 467,570.6667 466.8333,570.6667 466.6667,570.6667 466.5,570.6667 "
      id = "96" />
<path  style="fill:none;stroke:#000000;stroke-width:2;stroke-opacity:1"
       d="M 474.8333,570.6667 475,570.6667 475.1667,570.6667 475.3333,570.6667 475.5,570.6667 475.6667,570.6667 475.8333,570.6667 476,570.6667 476.1667,570.6667 476.3333,570.6667 "
      id = "97" />
<path  style="fill:none;stroke:#000000;stroke-width:2;stroke-opacity:1"
       d="M 474.6667,570.6667 474.5,570.6667 474.3333,570.6667 474.1667,570.6667 474,570.6667 473.8333,570.6667 473.6667,570.6667 473.5,570.6667 473.3333,570.6667 "
      id = "98" />
<path  style="fill:none;stroke:#000000;stroke-width:2;stroke-opacity:1"
       d="M 482.5,570.6667 482.6667,570.6667 482.8333,570.6667 483,570.6667 482.3333,570.6667 482.1667,570.6667 482.5,570.6667 "
      id = "99" />
<path  style="fill:none;stroke:#000000;stroke-width:2;stroke-opacity:1"
       d="M 484.6667,570.6667 484.8333,570.6667 485,570.6667 484.5,570.6667 484.6667,570.6667 "
      id = "100" />
<path  style="fill:none;stroke:#000000;stroke-width:2;stroke-opacity:1"
       d="M 494,570.6667 494.1667,570.6667 494.3333,570.6667 494.5,570.6667 494.6667,570.6667 494.8333,570.6667 495,570.6667 495.1667,570.6667 495.3333,570.6667 495.5,570.6667 495.6667,570.6667 495.8333,570.6667 496,570.6667 496.1667,570.6667 496.3333,570.6667 "
      id = "101" />
<path  style="fill:none;stroke:#000000;stroke-width:2;stroke-opacity:1"
       d="M 493.8333,570.6667 493.6667,570.6667 493.5,570.6667 493.3333,570.6667 493.1667,570.6667 493,570.6667 492.8333,570.6667 492.6667,570.6667 492.5,570.6667 492.3333,570.6667 492.1667,570.6667 492,570.6667 491.8333,570.6667 "
      id = "102" />
<path  style="fill:none;stroke:#000000;stroke-width:2;stroke-opacity:1"
       d="M 499.8333,570.6667 500,570.6667 500.1667,570.6667 500.3333,570.6667 500.5,570.6667 500.6667,570.6667 500.8333,570.6667 501,570.6667 501.1667,570.6667 501.3333,570.6667 501.5,570.6667 "
      id = "103" />
<path  style="fill:none;stroke:#000000;stroke-width:2;stroke-opacity:1"
       d="M 499.6667,570.6667 499.5,570.6667 499.3333,570.6667 499.1667,570.6667 499,570.6667 498.8333,570.6667 498.6667,570.6667 498.5,570.6667 498.3333,570.6667 "
      id = "104" />
<path  style="fill:none;stroke:#000000;stroke-width:2;stroke-opacity:1"
       d="M 507,570.6667 507.1667,570.6667 506.8333,570.6667 507,570.6667 "
      id = "105" />
<path  style="fill:none;stroke:#000000;stroke-width:2;stroke-opacity:1"
       d="M 511.6667,570.6667 511.8333,570.6667 512,570.6667 512.1667,570.6667 512.3334,570.6667 512.5,570.6667 512.6667,570.6667 512.8334,570.6667 513,570.6667 513.1667,570.6667 513.3334,570.6667 513.5,570.6667 513.6667,570.6667 513.8334,570.6667 514,570.6667 514.1667,570.6667 "
      id = "106" />
<path  style="fill:none;stroke:#000000;stroke-width:2;stroke-opacity:1"
       d="M 511.5,570.6667 511.3333,570.6667 511.1667,570.6667 511,570.6667 510.8333,570.6667 510.6667,570.6667 510.5,570.6667 510.3333,570.6667 510.1667,570.6667 510,570.6667 509.8333,570.6667 509.6667,570.6667 509.5,570.6667 509.3333,570.6667 509.1667,570.6667 "
      id = "107" />
<path  style="fill:none;stroke:#000000;stroke-width:2;stroke-opacity:1"
       d="M 515.5,570.6667 515.6667,570.6667 515.8334,570.6667 516,570.6667 515.3334,570.6667 515.1667,570.6667 515.5,570.6667 "
      id = "108" />
<path  style="fill:none;stroke:#000000;stroke-width:2;stroke-opacity:1"
       d="M 519.6667,570.6667 519.8334,570.6667 520,570.6667 520.1667,570.6667 520.3334,570.6667 520.5,570.6667 520.6667,570.6667 520.8334,570.6667 521,570.6667 521.1667,570.6667 521.3334,570.6667 521.5,570.6667 521.6667,570.6667 521.8334,570.6667 522,570.6667 "
      id = "109" />
<path  style="fill:none;stroke:#000000;stroke-width:2;stroke-opacity:1"
       d="M 519.5,570.6667 519.3334,570.6667 519.1667,570.6667 519,570.6667 518.8334,570.6667 518.6667,570.6667 518.5,570.6667 518.3334,570.6667 518.1667,570.6667 518,570.6667 517.8334,570.6667 517.6667,570.6667 517.5,570.6667 517.3334,570.6667 "
      id = "110" />
<path  style="fill:none;stroke:#000000;stroke-width:2;stroke-opacity:1"
       d="M 554.5,570.6667 554.6667,570.6667 554.8334,570.6667 555,570.6667 555.1667,570.6667 555.3334,570.6667 555.5,570.6667 555.6667,570.6667 555.8334,570.6667 556,570.6667 556.1667,570.6667 556.3334,570.6667 556.5,570.6667 556.6667,570.6667 556.8334,570.6667 557,570.6667 557.1667,570.6667 557.3334,570.6667 557.5,570.6667 557.6667,570.6667 557.8334,570.6667 558,570.6667 558.1667,570.6667 558.3334,570.6667 558.5,570.6667 558.6667,570.6667 558.8334,570.6667 559,570.6667 559.1667,570.6667 559.3334,570.6667 559.5,570.6667 559.6667,570.6667 559.8334,570.6667 560,570.6667 560.1667,570.6667 560.3334,570.6667 560.5,570.6667 560.6667,570.6667 560.8334,570.6667 561,570.6667 561.1667,570.6667 561.3334,570.6667 561.5,570.6667 561.6667,570.6667 561.8334,570.6667 562,570.6667 562.1667,570.6667 562.3334,570.6667 562.5,570.6667 562.6667,570.6667 562.8334,570.6667 563,570.6667 563.1667,570.6667 563.3334,570.6667 563.5,570.6667 563.6667,570.6667 563.8334,570.6667 564,570.6667 564.1667,570.6667 564.3334,570.6667 564.5,570.6667 564.6667,570.6667 564.8334,570.6667 565,570.6667 565.1667,570.6667 565.3334,570.6667 565.5,570.6667 565.6667,570.6667 565.8334,570.6667 566,570.6667 566.1667,570.6667 566.3334,570.6667 566.5,570.6667 566.6667,570.6667 566.8334,570.6667 567,570.6667 567.1667,570.6667 567.3334,570.6667 567.5,570.6667 567.6667,570.6667 567.8334,570.6667 568,570.6667 568.1667,570.6667 568.3334,570.6667 568.5,570.6667 568.6667,570.6667 568.8334,570.6667 569,570.6667 569.1667,570.6667 569.3334,570.6667 569.5,570.6667 569.6667,570.6667 569.8334,570.6667 570,570.6667 570.1667,570.6667 570.3334,570.6667 "
      id = "111" />
<path  style="fill:none;stroke:#000000;stroke-width:2;stroke-opacity:1"
       d="M 554.3334,570.6667 554.1667,570.6667 554,570.6667 553.8334,570.6667 553.6667,570.6667 553.5,570.6667 553.3334,570.6667 553.1667,570.6667 553,570.6667 552.8334,570.6667 552.6667,570.6667 552.5,570.6667 552.3334,570.6667 552.1667,570.6667 552,570.6667 551.8334,570.6667 551.6667,570.6667 551.5,570.6667 551.3334,570.6667 551.1667,570.6667 551,570.6667 550.8334,570.6667 550.6667,570.6667 550.5,570.6667 550.3334,570.6667 550.1667,570.6667 550,570.6667 549.8334,570.6667 549.6667,570.6667 549.5,570.6667 549.3334,570.6667 549.1667,570.6667 549,570.6667 548.8334,570.6667 548.6667,570.6667 548.5,570.6667 548.3334,570.6667 548.1667,570.6667 548,570.6667 547.8334,570.6667 547.6667,570.6667 547.5,570.6667 547.3334,570.6667 547.1667,570.6667 547,570.6667 546.8334,570.6667 546.6667,570.6667 546.5,570.6667 546.3334,570.6667 546.1667,570.6667 546,570.6667 545.8334,570.6667 545.6667,570.6667 545.5,570.6667 545.3334,570.6667 545.1667,570.6667 545,570.6667 544.8334,570.6667 544.6667,570.6667 544.5,570.6667 544.3334,570.6667 544.1667,570.6667 544,570.6667 543.8334,570.6667 543.6667,570.6667 543.5,570.6667 543.3334,570.6667 543.1667,570.6667 543,570.6667 542.8334,570.6667 542.6667,570.6667 542.5,570.6667 542.3334,570.6667 542.1667,570.6667 542,570.6667 541.8334,570.6667 541.6667,570.6667 541.5,570.6667 541.3334,570.6667 541.1667,570.6667 541,570.6667 540.8334,570.6667 540.6667,570.6667 540.5,570.6667 540.3334,570.6667 540.1667,570.6667 540,570.6667 539.8334,570.6667 539.6667,570.6667 539.5,570.6667 539.3334,570.6667 539.1667,570.6667 539,570.6667 538.8334,570.6667 538.6667,570.6667 "
      id = "112" />
<path  style="fill:none;stroke:#000000;stroke-width:2;stroke-opacity:1"
       d="M 595.3334,570.6667 595.5,570.6667 595.6667,570.6667 595.8334,570.6667 596,570.6667 596.1667,570.6667 596.3334,570.6667 596.5,570.6667 596.6667,570.6667 596.8334,570.6667 597,570.6667 597.1667,570.6667 597.3334,570.6667 597.5,570.6667 597.6667,570.6667 597.8334,570.6667 598,570.6667 598.1667,570.6667 598.3334,570.6667 598.5,570.6667 598.6667,570.6667 598.8334,570.6667 599,570.6667 599.1667,570.6667 599.3334,570.6667 599.5,570.6667 599.6667,570.6667 599.8334,570.6667 600,570.6667 600.1667,570.6667 600.3334,570.6667 600.5,570.6667 600.6667,570.6667 600.8334,570.6667 601,570.6667 601.1667,570.6667 601.3334,570.6667 601.5,570.6667 601.6667,570.6667 601.8334,570.6667 602,570.6667 602.1667,570.6667 602.3334,570.6667 602.5,570.6667 602.6667,570.6667 602.8334,570.6667 603,570.6667 603.1667,570.6667 603.3334,570.6667 603.5,570.6667 603.6667,570.6667 603.8334,570.6667 604,570.6667 604.1667,570.6667 604.3334,570.6667 604.5,570.6667 604.6667,570.6667 604.8334,570.6667 605,570.6667 605.1667,570.6667 605.3334,570.6667 605.5,570.6667 605.6667,570.6667 605.8334,570.6667 606,570.6667 606.1667,570.6667 606.3334,570.6667 606.5,570.6667 606.6667,570.6667 606.8334,570.6667 607,570.6667 607.1667,570.6667 607.3334,570.6667 607.5,570.6667 607.6667,570.6667 607.8334,570.6667 608,570.6667 608.1667,570.6667 608.3334,570.6667 608.5,570.6667 608.6667,570.6667 608.8334,570.6667 609,570.6667 609.1667,570.6667 609.3334,570.6667 609.5,570.6667 609.6667,570.6667 609.8334,570.6667 610,570.6667 610.1667,570.6667 610.3334,570.6667 610.5,570.6667 610.6667,570.6667 610.8334,570.6667 611,570.6667 611.1667,570.6667 611.3334,570.6667 611.5,570.6667 611.6667,570.6667 "
      id = "113" />
<path  style="fill:none;stroke:#000000;stroke-width:2;stroke-opacity:1"
       d="M 595.1667,570.6667 595,570.6667 594.8334,570.6667 594.6667,570.6667 594.5,570.6667 594.3334,570.6667 594.1667,570.6667 594,570.6667 593.8334,570.6667 593.6667,570.6667 593.5,570.6667 593.3334,570.6667 593.1667,570.6667 593,570.6667 592.8334,570.6667 592.6667,570.6667 592.5,570.6667 592.3334,570.6667 592.1667,570.6667 592,570.6667 591.8334,570.6667 591.6667,570.6667 591.5,570.6667 591.3334,570.6667 591.1667,570.6667 591,570.6667 590.8334,570.6667 590.6667,570.6667 590.5,570.6667 590.3334,570.6667 590.1667,570.6667 590,570.6667 589.8334,570.6667 589.6667,570.6667 589.5,570.6667 589.3334,570.6667 589.1667,570.6667 589,570.6667 588.8334,570.6667 588.6667,570.6667 588.5,570.6667 588.3334,570.6667 588.1667,570.6667 588,570.6667 587.8334,570.6667 587.6667,570.6667 587.5,570.6667 587.3334,570.6667 587.1667,570.6667 587,570.6667 586.8334,570.6667 586.6667,570.6667 586.5,570.6667 586.3334,570.6667 586.1667,570.6667 586,570.6667 585.8334,570.6667 585.6667,570.6667 585.5,570.6667 585.3334,570.6667 585.1667,570.6667 585,570.6667 584.8334,570.6667 584.6667,570.6667 584.5,570.6667 584.3334,570.6667 584.1667,570.6667 584,570.6667 583.8334,570.6667 583.6667,570.6667 583.5,570.6667 583.3334,570.6667 583.1667,570.6667 583,570.6667 582.8334,570.6667 582.6667,570.6667 582.5,570.6667 582.3334,570.6667 582.1667,570.6667 582,570.6667 581.8334,570.6667 581.6667,570.6667 581.5,570.6667 581.3334,570.6667 581.1667,570.6667 581,570.6667 580.8334,570.6667 580.6667,570.6667 580.5,570.6667 580.3334,570.6667 580.1667,570.6667 580,570.6667 579.8334,570.6667 579.6667,570.6667 579.5,570.6667 579.3334,570.6667 579.1667,570.6667 579,570.6667 "
      id = "114" />
<path  style="fill:none;stroke:#000000;stroke-width:2;stroke-opacity:1"
       d="M 630.8334,570.6667 631,570.6667 631.1667,570.6667 631.3334,570.6667 631.5,570.6667 631.6667,570.6667 631.8334,570.6667 "
      id = "115" />
<path  style="fill:none;stroke:#000000;stroke-width:2;stroke-opacity:1"
       d="M 630.6667,570.6667 630.5,570.6667 630.3334,570.6667 630.1667,570.6667 630,570.6667 630.6667,570.6667 "
      id = "116" />
<path  style="fill:none;stroke:#000000;stroke-width:2;stroke-opacity:1"
       d="M 672,570.6667 672.1667,570.6667 672.3334,570.6667 672.5,570.6667 672.6667,570.6667 672.8334,570.6667 673,570.6667 673.1667,570.6667 673.3334,570.6667 673.5,570.6667 673.6667,570.6667 673.8334,570.6667 674,570.6667 674.1667,570.6667 674.3334,570.6667 674.5,570.6667 674.6667,570.6667 674.8334,570.6667 675,570.6667 675.1667,570.6667 675.3334,570.6667 675.5,570.6667 675.6667,570.6667 675.8334,570.6667 676,570.6667 676.1667,570.6667 676.3334,570.6667 676.5,570.6667 676.6667,570.6667 676.8334,570.6667 677,570.6667 677.1667,570.6667 677.3334,570.6667 677.5,570.6667 677.6667,570.6667 677.8334,570.6667 678,570.6667 678.1667,570.6667 678.3334,570.6667 678.5,570.6667 678.6667,570.6667 678.8334,570.6667 679,570.6667 679.1667,570.6667 679.3334,570.6667 679.5,570.6667 679.6667,570.6667 679.8334,570.6667 680,570.6667 680.1667,570.6667 680.3334,570.6667 680.5,570.6667 680.6667,570.6667 680.8334,570.6667 681,570.6667 681.1667,570.6667 681.3334,570.6667 681.5,570.6667 681.6667,570.6667 681.8334,570.6667 682,570.6667 682.1667,570.6667 682.3334,570.6667 682.5,570.6667 682.6667,570.6667 682.8334,570.6667 683,570.6667 683.1667,570.6667 683.3334,570.6667 683.5,570.6667 683.6667,570.6667 683.8334,570.6667 684,570.6667 684.1667,570.6667 684.3334,570.6667 684.5,570.6667 684.6667,570.6667 "
      id = "117" />
<path  style="fill:none;stroke:#000000;stroke-width:2;stroke-opacity:1"
       d="M 671.8334,570.6667 671.6667,570.6667 671.5,570.6667 671.3334,570.6667 671.1667,570.6667 671,570.6667 670.8334,570.6667 670.6667,570.6667 670.5,570.6667 670.3334,570.6667 670.1667,570.6667 670,570.6667 669.8334,570.6667 669.6667,570.6667 669.5,570.6667 669.3334,570.6667 669.1667,570.6667 669,570.6667 668.8334,570.6667 668.6667,570.6667 668.5,570.6667 668.3334,570.6667 668.1667,570.6667 668,570.6667 667.8334,570.6667 667.6667,570.6667 667.5,570.6667 667.3334,570.6667 667.1667,570.6667 667,570.6667 666.8334,570.6667 666.6667,570.6667 666.5,570.6667 666.3334,570.6667 666.1667,570.6667 666,570.6667 665.8334,570.6667 665.6667,570.6667 665.5,570.6667 665.3334,570.6667 665.1667,570.6667 665,570.6667 664.8334,570.6667 664.6667,570.6667 664.5,570.6667 664.3334,570.6667 664.1667,570.6667 664,570.6667 663.8334,570.6667 663.6667,570.6667 663.5,570.6667 663.3334,570.6667 663.1667,570.6667 663,570.6667 662.8334,570.6667 662.6667,570.6667 662.5,570.6667 662.3334,570.6667 662.1667,570.6667 662,570.6667 661.8334,570.6667 661.6667,570.6667 661.5,570.6667 661.3334,570.6667 661.1667,570.6667 661,570.6667 660.8334,570.6667 660.6667,570.6667 660.5,570.6667 660.3334,570.6667 660.1667,570.6667 660,570.6667 659.8334,570.6667 659.6667,570.6667 659.5,570.6667 659.3334,570.6667 "
      id = "118" />
<path  style="fill:none;stroke:#000000;stroke-width:2;stroke-opacity:1"
       d="M 713,570.6667 713.1667,570.6667 713.3334,570.6667 713.5,570.6667 713.6667,570.6667 713.8334,570.6667 714,570.6667 "
      id = "119" />
<path  style="fill:none;stroke:#000000;stroke-width:2;stroke-opacity:1"
       d="M 712.8334,570.6667 712.6667,570.6667 712.5,570.6667 712.3334,570.6667 712.1667,570.6667 712.8334,570.6667 "
      id = "120" />
<path  style="fill:none;stroke:#000000;stroke-width:2;stroke-opacity:1"
       d="M 732.1667,570.6667 732.3334,570.6667 732.5,570.6667 732.6667,570.6667 732.8334,570.6667 733,570.6667 733.1667,570.6667 733.3334,570.6667 733.5,570.6667 733.6667,570.6667 733.8334,570.6667 734,570.6667 734.1667,570.6667 734.3334,570.6667 734.5,570.6667 734.6667,570.6667 734.8334,570.6667 735,570.6667 735.1667,570.6667 735.3334,570.6667 735.5,570.6667 735.6667,570.6667 735.8334,570.6667 736,570.6667 736.1667,570.6667 736.3334,570.6667 736.5,570.6667 736.6667,570.6667 736.8334,570.6667 737,570.6667 737.1667,570.6667 737.3334,570.6667 737.5,570.6667 737.6667,570.6667 737.8334,570.6667 738,570.6667 738.1667,570.6667 738.3334,570.6667 "
      id = "121" />
<path  style="fill:none;stroke:#000000;stroke-width:2;stroke-opacity:1"
       d="M 732,570.6667 731.8334,570.6667 731.6667,570.6667 731.5,570.6667 731.3334,570.6667 731.1667,570.6667 731,570.6667 730.8334,570.6667 730.6667,570.6667 730.5,570.6667 730.3334,570.6667 730.1667,570.6667 730,570.6667 729.8334,570.6667 729.6667,570.6667 729.5,570.6667 729.3334,570.6667 729.1667,570.6667 729,570.6667 728.8334,570.6667 728.6667,570.6667 728.5,570.6667 728.3334,570.6667 728.1667,570.6667 728,570.6667 727.8334,570.6667 727.6667,570.6667 727.5,570.6667 727.3334,570.6667 727.1667,570.6667 727,570.6667 726.8334,570.6667 726.6667,570.6667 726.5,570.6667 726.3334,570.6667 726.1667,570.6667 726,570.6667 "
      id = "122" />
<path  style="fill:none;stroke:#000000;stroke-width:2;stroke-opacity:1"
       d="M 803.8334,570.6667 804,570.6667 804.1667,570.6667 804.3334,570.6667 804.5,570.6667 804.6667,570.6667 804.8334,570.6667 805,570.6667 805.1667,570.6667 805.3334,570.6667 805.5,570.6667 805.6667,570.6667 805.8334,570.6667 806,570.6667 806.1667,570.6667 806.3334,570.6667 806.5,570.6667 806.6667,570.6667 806.8334,570.6667 807,570.6667 807.1667,570.6667 807.3334,570.6667 807.5,570.6667 807.6667,570.6667 807.8334,570.6667 808,570.6667 808.1667,570.6667 808.3334,570.6667 808.5,570.6667 808.6667,570.6667 808.8334,570.6667 809,570.6667 809.1667,570.6667 809.3334,570.6667 809.5,570.6667 809.6667,570.6667 809.8334,570.6667 810,570.6667 "
      id = "123" />
<path  style="fill:none;stroke:#000000;stroke-width:2;stroke-opacity:1"
       d="M 803.6667,570.6667 803.5,570.6667 803.3334,570.6667 803.1667,570.6667 803,570.6667 802.8334,570.6667 802.6667,570.6667 802.5,570.6667 802.3334,570.6667 802.1667,570.6667 802,570.6667 801.8334,570.6667 801.6667,570.6667 801.5,570.6667 801.3334,570.6667 801.1667,570.6667 801,570.6667 800.8334,570.6667 800.6667,570.6667 800.5,570.6667 800.3334,570.6667 800.1667,570.6667 800,570.6667 799.8334,570.6667 799.6667,570.6667 799.5,570.6667 799.3334,570.6667 799.1667,570.6667 799,570.6667 798.8334,570.6667 798.6667,570.6667 798.5,570.6667 798.3334,570.6667 798.1667,570.6667 798,570.6667 797.8334,570.6667 797.6667,570.6667 "
      id = "124" />
</svg>
