<svg
   width="864"
   height = "1152"
   version="1.1"
   id="svg2"
   xmlns="http://www.w3.org/2000/svg"
   xmlns:svg="http://www.w3.org/2000/svg">
  <defs
     id="defs6" />

<path  style="fill:none;stroke:#000000;stroke-width:2;stroke-opacity:1"
       d="M 96,757.2 96.2,757.2 96.4,757.2 96.60001,757.2 96.8,757.2 97,757.2 97.2,757.2 97.4,757.2 97.60001,757.2 97.8,757.2 98,757.2 98.2,757.2 98.4,757.2 98.60001,757.2 98.8,757.2 99,757.2 99.2,757.2 99.4,757.2 99.60001,757.2 99.8,757.2 100,757.2 100.2,757.2 100.4,757.2 100.6,757.2 100.8,757.2 101,757.2 101.2,757.2 101.4,757.2 101.6,757.2 101.8,757.2 102,757.2 102.2,757.2 102.4,757.2 102.6,757.2 102.8,757.2 103,757.2 103.2,757.2 103.4,757.2 103.6,757.2 103.8,757.2 104,757.2 104.2,757.2 104.4,757.2 104.6,757.2 104.8,757.2 105,757.2 105.2,757.2 105.4,757.2 105.6,757.2 105.8,757.2 106,757.2 106.2,757.2 106.4,757.2 106.6,757.2 106.8,757.2 107,757.2 107.2,757.2 107.4,757.2 107.6,757.2 107.8,757.2 108,757.2 108.2,757.2 108.4,757.2 108.6,757.2 108.8,757.2 109,757.2 109.2,757.2 109.4,757.2 109.6,757.2 109.8,757.2 110,757.2 110.2,757.2 110.4,757.2 110.6,757.2 110.8,757.2 111,757.2 111.2,757.2 111.4,757.2 111.6,757.2 111.8,757.2 112,757.2 112.2,757.2 112.4,757.2 112.6,757.2 112.8,757.2 113,757.2 113.2,757.2 113.4,757.2 113.6,757.2 113.8,757.2 114,757.2 114.2,757.2 114.4,757.2 114.6,757.2 114.8,757.2 115,757.2 115.2,757.2 115.4,757.2 115.6,757.2 115.8,757.2 116,757.2 116.2,757.2 116.4,757.2 116.6,757.2 116.8,757.2 117,757.2 117.2,757.2 117.4,757.2 117.6,757.2 117.8,757.2 118,757.2 118.2,757.2 118.4,757.2 118.6,757.2 118.8,757.2 119,757.2 119.2,757.2 119.4,757.2 119.6,757.2 119.8,757.2 120,757.2 120.2,757.2 120.4,757.2 120.6,757.2 120.8,757.2 121,757.2 121.2,757.2 121.4,757.2 121.6,757.2 121.8,757.2 122,757.2 122.2,757.2 122.4,757.2 122.6,757.2 122.8,757.2 123,757.2 123.2,757.2 123.4,757.2 123.6,757.2 123.8,757.2 124,757.2 124.2,757.2 124.4,757.2 124.6,757.2 124.8,757.2 125,757.2 125.2,757.2 125.4,757.2 125.6,757.2 125.8,757.2 126,757.2 126.2,757.2 126.4,757.2 126.6,757.2 126.8,757.2 127,757.2 127.2,757.2 127.4,757.2 "
      id = "0" />
<path  style="fill:none;stroke:#000000;stroke-width:2;stroke-opacity:1"
       d="M 95.8,757.2 95.60001,757.2 95.4,757.2 95.2,757.2 95,757.2 94.8,757.2 94.60001,757.2 94.4,757.2 94.2,757.2 94,757.2 93.8,757.2 93.60001,757.2 93.4,757.2 93.2,757.2 93,757.2 92.8,757.2 92.60001,757.2 92.4,757.2 92.2,757.2 92,757.2 91.8,757.2 91.60001,757.2 91.4,757.2 91.2,757.2 91,757.2 90.8,757.2 90.60001,757.2 90.4,757.2 90.2,757.2 90,757.2 89.8,757.2 89.60001,757.2 89.4,757.2 89.2,757.2 89,757.2 88.8,757.2 88.60001,757.2 88.4,757.2 88.2,757.2 88,757.2 87.8,757.2 87.60001,757.2 87.4,757.2 87.2,757.2 87,757.2 86.8,757.2 86.60001,757.2 86.4,757.2 86.2,757.2 86,757.2 85.8,757.2 85.60001,757.2 85.4,757.2 85.2,757.2 85,757.2 84.8,757.2 84.60001,757.2 84.4,757.2 84.2,757.2 84,757.2 83.8,757.2 83.60001,757.2 83.4,757.2 83.2,757.2 83,757.2 82.8,757.2 82.60001,757.2 82.4,757.2 82.2,757.2 82,757.2 81.8,757.2 81.60001,757.2 81.4,757.2 81.2,757.2 81,757.2 80.8,757.2 80.60001,757.2 80.4,757.2 80.2,757.2 80,757.2 79.8,757.2 79.6,757.2 79.4,757.2 79.2,757.2 79,757.2 78.8,757.2 78.6,757.2 78.4,757.2 78.2,757.2 78,757.2 77.8,757.2 77.6,757.2 77.4,757.2 77.2,757.2 77,757.2 76.8,757.2 76.6,757.2 76.4,757.2 76.2,757.2 76,757.2 75.8,757.2 75.6,757.2 75.4,757.2 75.2,757.2 75,757.2 74.8,757.2 74.6,757.2 74.4,757.2 74.2,757.2 74,757.2 73.8,757.2 73.6,757.2 73.4,757.2 73.2,757.2 73,757.2 72.8,757.2 72.6,757.2 72.4,757.2 72.2,757.2 72,757.2 71.8,757.2 71.6,757.2 71.4,757.2 71.2,757.2 71,757.2 70.8,757.2 70.6,757.2 70.4,757.2 70.2,757.2 70,757.2 69.8,757.2 69.6,757.2 69.4,757.2 69.2,757.2 69,757.2 68.8,757.2 68.6,757.2 68.4,757.2 68.2,757.2 68,757.2 67.8,757.2 67.6,757.2 67.4,757.2 67.2,757.2 67,757.2 66.8,757.2 66.6,757.2 66.4,757.2 66.2,757.2 66,757.2 65.8,757.2 65.6,757.2 65.4,757.2 65.2,757.2 65,757.2 64.8,757.2 64.6,757.2 "
      id = "1" />
<path  style="fill:none;stroke:#000000;stroke-width:2;stroke-opacity:1"
       d="M 150.4,757.2 150.6,757.2 150.8,757.2 151,757.2 150.2,757.2 150,757.2 150.4,757.2 "
      id = "2" />
<path  style="fill:none;stroke:#000000;stroke-width:2;stroke-opacity:1"
       d="M 192,757.2 192.2,757.2 192.4,757.2 192.6,757.2 192.8,757.2 193,757.2 193.2,757.2 193.4,757.2 193.6,757.2 193.8,757.2 194,757.2 194.2,757.2 194.4,757.2 194.6,757.2 194.8,757.2 195,757.2 195.2,757.2 195.4,757.2 195.6,757.2 195.8,757.2 196,757.2 196.2,757.2 196.4,757.2 196.6,757.2 196.8,757.2 197,757.2 197.2,757.2 197.4,757.2 197.6,757.2 197.8,757.2 198,757.2 198.2,757.2 198.4,757.2 198.6,757.2 198.8,757.2 199,757.2 199.2,757.2 199.4,757.2 199.6,757.2 199.8,757.2 200,757.2 200.2,757.2 200.4,757.2 200.6,757.2 200.8,757.2 201,757.2 201.2,757.2 201.4,757.2 201.6,757.2 201.8,757.2 202,757.2 202.2,757.2 202.4,757.2 202.6,757.2 202.8,757.2 203,757.2 203.2,757.2 203.4,757.2 203.6,757.2 203.8,757.2 204,757.2 204.2,757.2 204.4,757.2 204.6,757.2 204.8,757.2 205,757.2 205.2,757.2 205.4,757.2 205.6,757.2 205.8,757.2 206,757.2 206.2,757.2 206.4,757.2 206.6,757.2 206.8,757.2 207,757.2 207.2,757.2 207.4,757.2 207.6,757.2 207.8,757.2 208,757.2 208.2,757.2 208.4,757.2 208.6,757.2 208.8,757.2 209,757.2 209.2,757.2 209.4,757.2 209.6,757.2 209.8,757.2 210,757.2 210.2,757.2 210.4,757.2 210.6,757.2 210.8,757.2 211,757.2 211.2,757.2 211.4,757.2 211.6,757.2 "
      id = "3" />
<path  style="fill:none;stroke:#000000;stroke-width:2;stroke-opacity:1"
       d="M 191.8,757.2 191.6,757.2 191.4,757.2 191.2,757.2 191,757.2 190.8,757.2 190.6,757.2 190.4,757.2 190.2,757.2 190,757.2 189.8,757.2 189.6,757.2 189.4,757.2 189.2,757.2 189,757.2 188.8,757.2 188.6,757.2 188.4,757.2 188.2,757.2 188,757.2 187.8,757.2 187.6,757.2 187.4,757.2 187.2,757.2 187,757.2 186.8,757.2 186.6,757.2 186.4,757.2 186.2,757.2 186,757.2 185.8,757.2 185.6,757.2 185.4,757.2 185.2,757.2 185,757.2 184.8,757.2 184.6,757.2 184.4,757.2 184.2,757.2 184,757.2 183.8,757.2 183.6,757.2 183.4,757.2 183.2,757.2 183,757.2 182.8,757.2 182.6,757.2 182.4,757.2 182.2,757.2 182,757.2 181.8,757.2 181.6,757.2 181.4,757.2 181.2,757.2 181,757.2 180.8,757.2 180.6,757.2 180.4,757.2 180.2,757.2 180,757.2 179.8,757.2 179.6,757.2 179.4,757.2 179.2,757.2 179,757.2 178.8,757.2 178.6,757.2 178.4,757.2 178.2,757.2 178,757.2 177.8,757.2 177.6,757.2 177.4,757.2 177.2,757.2 177,757.2 176.8,757.2 176.6,757.2 176.4,757.2 176.2,757.2 176,757.2 175.8,757.2 175.6,757.2 175.4,757.2 175.2,757.2 175,757.2 174.8,757.2 174.6,757.2 174.4,757.2 174.2,757.2 174,757.2 173.8,757.2 173.6,757.2 173.4,757.2 173.2,757.2 173,757.2 172.8,757.2 172.6,757.2 172.4,757.2 "
      id = "4" />
<path  style="fill:none;stroke:#000000;stroke-width:2;stroke-opacity:1"
       d="M 233.4,757.2 233.6,757.2 233.8,757.2 234,757.2 233.2,757.2 233,757.2 233.4,757.2 "
      id = "5" />
<path  style="fill:none;stroke:#000000;stroke-width:2;stroke-opacity:1"
       d="M 251.8,757.2 252,757.2 252.2,757.2 252.4,757.2 252.6,757.2 252.8,757.2 253,757.2 253.2,757.2 253.4,757.2 253.6,757.2 253.8,757.2 254,757.2 254.2,757.2 254.4,757.2 254.6,757.2 254.8,757.2 255,757.2 255.2,757.2 255.4,757.2 255.6,757.2 255.8,757.2 256,757.2 256.2,757.2 256.4,757.2 256.6,757.2 256.8,757.2 257,757.2 257.2,757.2 257.4,757.2 257.6,757.2 257.8,757.2 "
      id = "6" />
<path  style="fill:none;stroke:#000000;stroke-width:2;stroke-opacity:1"
       d="M 251.6,757.2 251.4,757.2 251.2,757.2 251,757.2 250.8,757.2 250.6,757.2 250.4,757.2 250.2,757.2 250,757.2 249.8,757.2 249.6,757.2 249.4,757.2 249.2,757.2 249,757.2 248.8,757.2 248.6,757.2 248.4,757.2 248.2,757.2 248,757.2 247.8,757.2 247.6,757.2 247.4,757.2 247.2,757.2 247,757.2 246.8,757.2 246.6,757.2 246.4,757.2 246.2,757.2 246,757.2 "
      id = "7" />
<path  style="fill:none;stroke:#000000;stroke-width:2;stroke-opacity:1"
       d="M 324.4,757.2 324.6,757.2 324.8,757.2 325,757.2 325.2,757.2 325.4,757.2 325.6,757.2 325.8,757.2 326,757.2 326.2,757.2 326.4,757.2 326.6,757.2 326.8,757.2 327,757.2 327.2,757.2 327.4,757.2 327.6,757.2 327.8,757.2 328,757.2 328.2,757.2 328.4,757.2 328.6,757.2 328.8,757.2 329,757.2 329.2,757.2 329.4,757.2 329.6,757.2 329.8,757.2 330,757.2 "
      id = "8" />
<path  style="fill:none;stroke:#000000;stroke-width:2;stroke-opacity:1"
       d="M 324.2,757.2 324,757.2 323.8,757.2 323.6,757.2 323.4,757.2 323.2,757.2 323,757.2 322.8,757.2 322.6,757.2 322.4,757.2 322.2,757.2 322,757.2 321.8,757.2 321.6,757.2 321.4,757.2 321.2,757.2 321,757.2 320.8,757.2 320.6,757.2 320.4,757.2 320.2,757.2 320,757.2 319.8,757.2 319.6,757.2 319.4,757.2 319.2,757.2 319,757.2 318.8,757.2 "
      id = "9" />
<path  style="fill:none;stroke:#000000;stroke-width:2;stroke-opacity:1"
       d="M 346,757.2 346.2,757.2 346.4,757.2 345.8,757.2 346,757.2 "
      id = "10" />
<path  style="fill:none;stroke:#000000;stroke-width:2;stroke-opacity:1"
       d="M 357.4,757.2 357.6,757.2 357.8,757.2 358,757.2 358.2,757.2 358.4,757.2 358.6,757.2 358.8,757.2 359,757.2 359.2,757.2 359.4,757.2 359.6,757.2 359.8,757.2 360,757.2 360.2,757.2 360.4,757.2 360.6,757.2 360.8,757.2 361,757.2 361.2,757.2 361.4,757.2 361.6,757.2 361.8,757.2 362,757.2 362.2,757.2 362.4,757.2 362.6,757.2 362.8,757.2 363,757.2 "
      id = "11" />
<path  style="fill:none;stroke:#000000;stroke-width:2;stroke-opacity:1"
       d="M 357.2,757.2 357,757.2 356.8,757.2 356.6,757.2 356.4,757.2 356.2,757.2 356,757.2 355.8,757.2 355.6,757.2 355.4,757.2 355.2,757.2 355,757.2 354.8,757.2 354.6,757.2 354.4,757.2 354.2,757.2 354,757.2 353.8,757.2 353.6,757.2 353.4,757.2 353.2,757.2 353,757.2 352.8,757.2 352.6,757.2 352.4,757.2 352.2,757.2 352,757.2 351.8,757.2 "
      id = "12" />
<path  style="fill:none;stroke:#000000;stroke-width:2;stroke-opacity:1"
       d="M 370,757.2 370.2,757.2 370.4,757.2 370.6,757.2 370.8,757.2 371,757.2 371.2,757.2 371.4,757.2 371.6,757.2 371.8,757.2 372,757.2 372.2,757.2 372.4,757.2 372.6,757.2 372.8,757.2 373,757.2 373.2,757.2 373.4,757.2 373.6,757.2 373.8,757.2 374,757.2 374.2,757.2 374.4,757.2 374.6,757.2 374.8,757.2 375,757.2 375.2,757.2 375.4,757.2 375.6,757.2 375.8,757.2 "
      id = "13" />
<path  style="fill:none;stroke:#000000;stroke-width:2;stroke-opacity:1"
       d="M 369.8,757.2 369.6,757.2 369.4,757.2 369.2,757.2 369,757.2 368.8,757.2 368.6,757.2 368.4,757.2 368.2,757.2 368,757.2 367.8,757.2 367.6,757.2 367.4,757.2 367.2,757.2 367,757.2 366.8,757.2 366.6,757.2 366.4,757.2 366.2,757.2 366,757.2 365.8,757.2 365.6,757.2 365.4,757.2 365.2,757.2 365,757.2 364.8,757.2 364.6,757.2 364.4,757.2 "
      id = "14" />
<path  style="fill:none;stroke:#000000;stroke-width:2;stroke-opacity:1"
       d="M 382.6,757.2 382.8,757.2 383,757.2 383.2,757.2 383.4,757.2 383.6,757.2 383.8,757.2 384,757.2 384.2,757.2 384.4,757.2 384.6,757.2 384.8,757.2 385,757.2 385.2,757.2 385.4,757.2 385.6,757.2 385.8,757.2 "
      id = "15" />
<path  style="fill:none;stroke:#000000;stroke-width:2;stroke-opacity:1"
       d="M 382.4,757.2 382.2,757.2 382,757.2 381.8,757.2 381.6,757.2 381.4,757.2 381.2,757.2 381,757.2 380.8,757.2 380.6,757.2 380.4,757.2 380.2,757.2 380,757.2 379.8,757.2 379.6,757.2 "
      id = "16" />
<path  style="fill:none;stroke:#000000;stroke-width:2;stroke-opacity:1"
       d="M 392.2,757.2 392.4,757.2 392.6,757.2 392.8,757.2 393,757.2 393.2,757.2 393.4,757.2 393.6,757.2 393.8,757.2 "
      id = "17" />
<path  style="fill:none;stroke:#000000;stroke-width:2;stroke-opacity:1"
       d="M 392,757.2 391.8,757.2 391.6,757.2 391.4,757.2 391.2,757.2 391,757.2 390.8,757.2 390.6,757.2 "
      id = "18" />
<path  style="fill:none;stroke:#000000;stroke-width:2;stroke-opacity:1"
       d="M 405.2,757.2 405.4,757.2 405.6,757.2 405.8,757.2 406,757.2 406.2,757.2 406.4,757.2 406.6,757.2 406.8,757.2 407,757.2 407.2,757.2 407.4,757.2 407.6,757.2 407.8,757.2 408,757.2 408.2,757.2 408.4,757.2 408.6,757.2 408.8,757.2 409,757.2 409.2,757.2 409.4,757.2 409.6,757.2 409.8,757.2 410,757.2 410.2,757.2 410.4,757.2 410.6,757.2 410.8,757.2 411,757.2 411.2,757.2 411.4,757.2 411.6,757.2 411.8,757.2 412,757.2 412.2,757.2 412.4,757.2 412.6,757.2 412.8,757.2 413,757.2 413.2,757.2 "
      id = "19" />
<path  style="fill:none;stroke:#000000;stroke-width:2;stroke-opacity:1"
       d="M 405,757.2 404.8,757.2 404.6,757.2 404.4,757.2 404.2,757.2 404,757.2 403.8,757.2 403.6,757.2 403.4,757.2 403.2,757.2 403,757.2 402.8,757.2 402.6,757.2 402.4,757.2 402.2,757.2 402,757.2 401.8,757.2 401.6,757.2 401.4,757.2 401.2,757.2 401,757.2 400.8,757.2 400.6,757.2 400.4,757.2 400.2,757.2 400,757.2 399.8,757.2 399.6,757.2 399.4,757.2 399.2,757.2 399,757.2 398.8,757.2 398.6,757.2 398.4,757.2 398.2,757.2 398,757.2 397.8,757.2 397.6,757.2 397.4,757.2 "
      id = "20" />
<path  style="fill:none;stroke:#000000;stroke-width:2;stroke-opacity:1"
       d="M 418.6,757.2 418.8,757.2 419,757.2 419.2,757.2 419.4,757.2 419.6,757.2 419.8,757.2 420,757.2 420.2,757.2 420.4,757.2 420.6,757.2 420.8,757.2 421,757.2 421.2,757.2 421.4,757.2 421.6,757.2 "
      id = "21" />
<path  style="fill:none;stroke:#000000;stroke-width:2;stroke-opacity:1"
       d="M 418.4,757.2 418.2,757.2 418,757.2 417.8,757.2 417.6,757.2 417.4,757.2 417.2,757.2 417,757.2 416.8,757.2 416.6,757.2 416.4,757.2 416.2,757.2 416,757.2 415.8,757.2 415.6,757.2 "
      id = "22" />
<path  style="fill:none;stroke:#000000;stroke-width:2;stroke-opacity:1"
       d="M 444.6,757.2 444.8,757.2 445,757.2 445.2,757.2 445.4,757.2 445.6,757.2 "
      id = "23" />
<path  style="fill:none;stroke:#000000;stroke-width:2;stroke-opacity:1"
       d="M 444.4,757.2 444.2,757.2 444,757.2 443.8,757.2 444.4,757.2 "
      id = "24" />
<path  style="fill:none;stroke:#000000;stroke-width:2;stroke-opacity:1"
       d="M 452.6,757.2 452.8,757.2 453,757.2 453.2,757.2 453.4,757.2 452.4,757.2 452.2,757.2 452,757.2 451.8,757.2 452.6,757.2 "
      id = "25" />
<path  style="fill:none;stroke:#000000;stroke-width:2;stroke-opacity:1"
       d="M 457.8,757.2 458,757.2 457.6,757.2 457.8,757.2 "
      id = "26" />
<path  style="fill:none;stroke:#000000;stroke-width:2;stroke-opacity:1"
       d="M 467.8,757.2 468,757.2 468.2,757.2 468.4,757.2 468.6,757.2 467.6,757.2 467.4,757.2 467.2,757.2 467,757.2 467.8,757.2 "
      id = "27" />
<path  style="fill:none;stroke:#000000;stroke-width:2;stroke-opacity:1"
       d="M 472.6,757.2 472.8,757.2 473,757.2 473.2,757.2 473.4,757.2 473.6,757.2 473.8,757.2 474,757.2 474.2,757.2 474.4,757.2 474.6,757.2 474.8,757.2 475,757.2 "
      id = "28" />
<path  style="fill:none;stroke:#000000;stroke-width:2;stroke-opacity:1"
       d="M 472.4,757.2 472.2,757.2 472,757.2 471.8,757.2 471.6,757.2 471.4,757.2 471.2,757.2 471,757.2 470.8,757.2 470.6,757.2 470.4,757.2 470.2,757.2 "
      id = "29" />
<path  style="fill:none;stroke:#000000;stroke-width:2;stroke-opacity:1"
       d="M 481.2,757.2 481.4,757.2 481.6,757.2 481.8,757.2 482,757.2 482.2,757.2 482.4,757.2 482.6,757.2 482.8,757.2 483,757.2 483.2,757.2 483.4,757.2 483.6,757.2 483.8,757.2 484,757.2 "
      id = "30" />
<path  style="fill:none;stroke:#000000;stroke-width:2;stroke-opacity:1"
       d="M 481,757.2 480.8,757.2 480.6,757.2 480.4,757.2 480.2,757.2 480,757.2 479.8,757.2 479.6,757.2 479.4,757.2 479.2,757.2 479,757.2 478.8,757.2 478.6,757.2 478.4,757.2 "
      id = "31" />
<path  style="fill:none;stroke:#000000;stroke-width:2;stroke-opacity:1"
       d="M 489.2,757.2 489.4,757.2 489.6,757.2 489.8,757.2 490,757.2 490.2,757.2 490.4,757.2 490.6,757.2 490.8,757.2 491,757.2 491.2,757.2 491.4,757.2 491.6,757.2 491.8,757.2 492,757.2 492.2,757.2 492.4,757.2 492.6,757.2 492.8,757.2 493,757.2 493.2,757.2 "
      id = "32" />
<path  style="fill:none;stroke:#000000;stroke-width:2;stroke-opacity:1"
       d="M 489,757.2 488.8,757.2 488.6,757.2 488.4,757.2 488.2,757.2 488,757.2 487.8,757.2 487.6,757.2 487.4,757.2 487.2,757.2 487,757.2 486.8,757.2 486.6,757.2 486.4,757.2 486.2,757.2 486,757.2 485.8,757.2 485.6,757.2 485.4,757.2 485.2,757.2 "
      id = "33" />
<path  style="fill:none;stroke:#000000;stroke-width:2;stroke-opacity:1"
       d="M 501.6,757.2 501.8,757.2 502,757.2 502.2,757.2 502.4,757.2 502.6,757.2 502.8,757.2 503,757.2 503.2,757.2 503.4,757.2 503.6,757.2 503.8,757.2 "
      id = "34" />
<path  style="fill:none;stroke:#000000;stroke-width:2;stroke-opacity:1"
       d="M 501.4,757.2 501.2,757.2 501,757.2 500.8,757.2 500.6,757.2 500.4,757.2 500.2,757.2 500,757.2 499.8,757.2 499.6,757.2 499.4,757.2 "
      id = "35" />
<path  style="fill:none;stroke:#000000;stroke-width:2;stroke-opacity:1"
       d="M 538,757.2 538.2,757.2 538.4,757.2 538.6,757.2 538.8,757.2 539,757.2 539.2,757.2 539.4,757.2 539.6,757.2 539.8,757.2 540,757.2 540.2,757.2 540.4,757.2 540.6,757.2 540.8,757.2 541,757.2 541.2,757.2 541.4,757.2 541.6,757.2 541.8,757.2 542,757.2 "
      id = "36" />
<path  style="fill:none;stroke:#000000;stroke-width:2;stroke-opacity:1"
       d="M 537.8,757.2 537.6,757.2 537.4,757.2 537.2,757.2 537,757.2 536.8,757.2 536.6,757.2 536.4,757.2 536.2,757.2 536,757.2 535.8,757.2 535.6,757.2 535.4,757.2 535.2,757.2 535,757.2 534.8,757.2 534.6,757.2 534.4,757.2 534.2,757.2 534,757.2 "
      id = "37" />
<path  style="fill:none;stroke:#000000;stroke-width:2;stroke-opacity:1"
       d="M 561.4,757.2 561.6,757.2 561.8,757.2 561.2,757.2 561.4,757.2 "
      id = "38" />
<path  style="fill:none;stroke:#000000;stroke-width:2;stroke-opacity:1"
       d="M 563.6,757.2 563.8,757.2 564,757.2 564.2,757.2 564.4,757.2 564.6,757.2 "
      id = "39" />
<path  style="fill:none;stroke:#000000;stroke-width:2;stroke-opacity:1"
       d="M 563.4,757.2 563.2,757.2 563,757.2 562.8,757.2 562.6,757.2 563.4,757.2 "
      id = "40" />
<path  style="fill:none;stroke:#000000;stroke-width:2;stroke-opacity:1"
       d="M 566.8,757.2 567,757.2 567.2,757.2 567.4,757.2 567.6,757.2 567.8,757.2 "
      id = "41" />
<path  style="fill:none;stroke:#000000;stroke-width:2;stroke-opacity:1"
       d="M 566.6,757.2 566.4,757.2 566.2,757.2 566,757.2 566.6,757.2 "
      id = "42" />
<path  style="fill:none;stroke:#000000;stroke-width:2;stroke-opacity:1"
       d="M 582.4,757.2 582.6,757.2 582.8,757.2 583,757.2 582.2,757.2 582,757.2 582.4,757.2 "
      id = "43" />
<path  style="fill:none;stroke:#000000;stroke-width:2;stroke-opacity:1"
       d="M 613.8,757.2 614,757.2 614.2,757.2 614.4,757.2 614.6,757.2 614.8,757.2 615,757.2 615.2,757.2 615.4,757.2 615.6,757.2 615.8,757.2 616,757.2 616.2,757.2 616.4,757.2 616.6,757.2 616.8,757.2 617,757.2 617.2,757.2 617.4,757.2 617.6,757.2 617.8,757.2 618,757.2 "
      id = "44" />
<path  style="fill:none;stroke:#000000;stroke-width:2;stroke-opacity:1"
       d="M 613.6,757.2 613.4,757.2 613.2,757.2 613,757.2 612.8,757.2 612.6,757.2 612.4,757.2 612.2,757.2 612,757.2 611.8,757.2 611.6,757.2 611.4,757.2 611.2,757.2 611,757.2 610.8,757.2 610.6,757.2 610.4,757.2 610.2,757.2 610,757.2 609.8,757.2 609.6,757.2 "
      id = "45" />
<path  style="fill:none;stroke:#000000;stroke-width:2;stroke-opacity:1"
       d="M 634.8,757.2 635,757.2 635.2,757.2 635.4,757.2 635.6,757.2 635.8,757.2 636,757.2 636.2,757.2 636.4,757.2 636.6,757.2 636.8,757.2 637,757.2 637.2,757.2 637.4,757.2 637.6,757.2 637.8,757.2 638,757.2 638.2,757.2 638.4,757.2 638.6,757.2 638.8,757.2 639,757.2 639.2,757.2 639.4,757.2 639.6,757.2 639.8,757.2 "
      id = "46" />
<path  style="fill:none;stroke:#000000;stroke-width:2;stroke-opacity:1"
       d="M 634.6,757.2 634.4,757.2 634.2,757.2 634,757.2 633.8,757.2 633.6,757.2 633.4,757.2 633.2,757.2 633,757.2 632.8,757.2 632.6,757.2 632.4,757.2 632.2,757.2 632,757.2 631.8,757.2 631.6,757.2 631.4,757.2 631.2,757.2 631,757.2 630.8,757.2 630.6,757.2 630.4,757.2 630.2,757.2 630,757.2 "
      id = "47" />
<path  style="fill:none;stroke:#000000;stroke-width:2;stroke-opacity:1"
       d="M 709,757.2 709.2,757.2 709.4,757.2 709.6,757.2 709.8,757.2 710,757.2 710.2,757.2 710.4,757.2 710.6,757.2 710.8,757.2 711,757.2 711.2,757.2 711.4,757.2 711.6,757.2 711.8,757.2 712,757.2 712.2,757.2 712.4,757.2 712.6,757.2 712.8,757.2 713,757.2 713.2,757.2 713.4,757.2 713.6,757.2 713.8,757.2 714,757.2 "
      id = "48" />
<path  style="fill:none;stroke:#000000;stroke-width:2;stroke-opacity:1"
       d="M 708.8,757.2 708.6,757.2 708.4,757.2 708.2,757.2 708,757.2 707.8,757.2 707.6,757.2 707.4,757.2 707.2,757.2 707,757.2 706.8,757.2 706.6,757.2 706.4,757.2 706.2,757.2 706,757.2 705.8,757.2 705.6,757.2 705.4,757.2 705.2,757.2 705,757.2 704.8,757.2 704.6,757.2 704.4,757.2 704.2,757.2 "
      id = "49" />
<path  style="fill:none;stroke:#000000;stroke-width:2;stroke-opacity:1"
       d="M 737.4,757.2 737.6,757.2 737.8,757.2 738,757.2 738.2,757.2 738.4,757.2 738.6,757.2 738.8,757.2 739,757.2 739.2,757.2 739.4,757.2 739.6,757.2 739.8,757.2 740,757.2 740.2,757.2 740.4,757.2 740.6,757.2 740.8,757.2 741,757.2 741.2,757.2 741.4,757.2 741.6,757.2 741.8,757.2 742,757.2 742.2,757.2 742.4,757.2 742.6,757.2 742.8,757.2 743,757.2 743.2,757.2 743.4,757.2 743.6,757.2 743.8,757.2 744,757.2 744.2,757.2 744.4,757.2 744.6,757.2 744.8,757.2 745,757.2 745.2,757.2 745.4,757.2 745.6,757.2 745.8,757.2 746,757.2 746.2,757.2 746.4,757.2 746.6,757.2 746.8,757.2 747,757.2 747.2,757.2 747.4,757.2 747.6,757.2 "
      id = "50" />
<path  style="fill:none;stroke:#000000;stroke-width:2;stroke-opacity:1"
       d="M 737.2,757.2 737,757.2 736.8,757.2 736.6,757.2 736.4,757.2 736.2,757.2 736,757.2 735.8,757.2 735.6,757.2 735.4,757.2 735.2,757.2 735,757.2 734.8,757.2 734.6,757.2 734.4,757.2 734.2,757.2 734,757.2 733.8,757.2 733.6,757.2 733.4,757.2 733.2,757.2 733,757.2 732.8,757.2 732.6,757.2 732.4,757.2 732.2,757.2 732,757.2 731.8,757.2 731.6,757.2 731.4,757.2 731.2,757.2 731,757.2 730.8,757.2 730.6,757.2 730.4,757.2 730.2,757.2 730,757.2 729.8,757.2 729.6,757.2 729.4,757.2 729.2,757.2 729,757.2 728.8,757.2 728.6,757.2 728.4,757.2 728.2,757.2 728,757.2 727.8,757.2 727.6,757.2 727.4,757.2 727.2,757.2 "
      id = "51" />
<path  style="fill:none;stroke:#000000;stroke-width:2;stroke-opacity:1"
       d="M 798.6,757.2 798.8,757.2 799,757.2 799.2,757.2 799.4,757.2 799.6,757.2 799.8,757.2 800,757.2 800.2,757.2 800.4,757.2 800.6,757.2 800.8,757.2 801,757.2 801.2,757.2 801.4,757.2 801.6,757.2 801.8,757.2 802,757.2 802.2,757.2 802.4,757.2 802.6,757.2 802.8,757.2 803,757.2 803.2,757.2 803.4,757.2 803.6,757.2 803.8,757.2 804,757.2 804.2,757.2 804.4,757.2 804.6,757.2 804.8,757.2 805,757.2 805.2,757.2 805.4,757.2 805.6,757.2 805.8,757.2 806,757.2 806.2,757.2 806.4,757.2 806.6,757.2 806.8,757.2 807,757.2 807.2,757.2 807.4,757.2 807.6,757.2 807.8,757.2 808,757.2 808.2,757.2 808.4,757.2 808.6,757.2 808.8,757.2 "
      id = "52" />
<path  style="fill:none;stroke:#000000;stroke-width:2;stroke-opacity:1"
       d="M 798.4,757.2 798.2,757.2 798,757.2 797.8,757.2 797.6,757.2 797.4,757.2 797.2,757.2 797,757.2 796.8,757.2 796.6,757.2 796.4,757.2 796.2,757.2 796,757.2 795.8,757.2 795.6,757.2 795.4,757.2 795.2,757.2 795,757.2 794.8,757.2 794.6,757.2 794.4,757.2 794.2,757.2 794,757.2 793.8,757.2 793.6,757.2 793.4,757.2 793.2,757.2 793,757.2 792.8,757.2 792.6,757.2 792.4,757.2 792.2,757.2 792,757.2 791.8,757.2 791.6,757.2 791.4,757.2 791.2,757.2 791,757.2 790.8,757.2 790.6,757.2 790.4,757.2 790.2,757.2 790,757.2 789.8,757.2 789.6,757.2 789.4,757.2 789.2,757.2 789,757.2 788.8,757.2 788.6,757.2 788.4,757.2 "
      id = "53" />
</svg>
