<svg
   width="864"
   height = "1152"
   version="1.1"
   id="svg2"
   xmlns="http://www.w3.org/2000/svg"
   xmlns:svg="http://www.w3.org/2000/svg">
  <defs
     id="defs6" />

<path  style="fill:none;stroke:#000000;stroke-width:2;stroke-opacity:1"
       d="M 59,757.2 59.2,757.2 59.4,757.2 59.6,757.2 59.8,757.2 60,757.2 60.2,757.2 60.4,757.2 60.6,757.2 60.8,757.2 61,757.2 61.2,757.2 61.4,757.2 61.6,757.2 61.8,757.2 62,757.2 62.2,757.2 62.4,757.2 62.6,757.2 62.8,757.2 63,757.2 63.2,757.2 63.4,757.2 63.6,757.2 63.8,757.2 64,757.2 64.2,757.2 "
      id = "0" />
<path  style="fill:none;stroke:#000000;stroke-width:2;stroke-opacity:1"
       d="M 58.8,757.2 58.6,757.2 58.4,757.2 58.2,757.2 58,757.2 57.8,757.2 57.6,757.2 57.4,757.2 57.2,757.2 57,757.2 56.8,757.2 56.6,757.2 56.4,757.2 56.2,757.2 56,757.2 55.8,757.2 55.6,757.2 55.4,757.2 55.2,757.2 55,757.2 54.8,757.2 54.6,757.2 54.4,757.2 54.2,757.2 54,757.2 "
      id = "1" />
<path  style="fill:none;stroke:#000000;stroke-width:2;stroke-opacity:1"
       d="M 132.8,757.2 133,757.2 133.2,757.2 133.4,757.2 133.6,757.2 133.8,757.2 134,757.2 134.2,757.2 134.4,757.2 134.6,757.2 134.8,757.2 135,757.2 135.2,757.2 135.4,757.2 135.6,757.2 135.8,757.2 136,757.2 136.2,757.2 136.4,757.2 136.6,757.2 136.8,757.2 137,757.2 137.2,757.2 137.4,757.2 137.6,757.2 137.8,757.2 138,757.2 "
      id = "2" />
<path  style="fill:none;stroke:#000000;stroke-width:2;stroke-opacity:1"
       d="M 132.6,757.2 132.4,757.2 132.2,757.2 132,757.2 131.8,757.2 131.6,757.2 131.4,757.2 131.2,757.2 131,757.2 130.8,757.2 130.6,757.2 130.4,757.2 130.2,757.2 130,757.2 129.8,757.2 129.6,757.2 129.4,757.2 129.2,757.2 129,757.2 128.8,757.2 128.6,757.2 128.4,757.2 128.2,757.2 128,757.2 127.8,757.2 "
      id = "3" />
<path  style="fill:none;stroke:#000000;stroke-width:2;stroke-opacity:1"
       d="M 161.6,757.2 161.8,757.2 162,757.2 162.2,757.2 162.4,757.2 162.6,757.2 162.8,757.2 163,757.2 163.2,757.2 163.4,757.2 163.6,757.2 163.8,757.2 164,757.2 164.2,757.2 164.4,757.2 164.6,757.2 164.8,757.2 165,757.2 165.2,757.2 165.4,757.2 165.6,757.2 165.8,757.2 166,757.2 166.2,757.2 166.4,757.2 166.6,757.2 166.8,757.2 167,757.2 167.2,757.2 167.4,757.2 167.6,757.2 167.8,757.2 168,757.2 168.2,757.2 168.4,757.2 168.6,757.2 168.8,757.2 169,757.2 169.2,757.2 169.4,757.2 169.6,757.2 169.8,757.2 170,757.2 170.2,757.2 170.4,757.2 170.6,757.2 170.8,757.2 171,757.2 171.2,757.2 171.4,757.2 171.6,757.2 171.8,757.2 172,757.2 "
      id = "4" />
<path  style="fill:none;stroke:#000000;stroke-width:2;stroke-opacity:1"
       d="M 161.4,757.2 161.2,757.2 161,757.2 160.8,757.2 160.6,757.2 160.4,757.2 160.2,757.2 160,757.2 159.8,757.2 159.6,757.2 159.4,757.2 159.2,757.2 159,757.2 158.8,757.2 158.6,757.2 158.4,757.2 158.2,757.2 158,757.2 157.8,757.2 157.6,757.2 157.4,757.2 157.2,757.2 157,757.2 156.8,757.2 156.6,757.2 156.4,757.2 156.2,757.2 156,757.2 155.8,757.2 155.6,757.2 155.4,757.2 155.2,757.2 155,757.2 154.8,757.2 154.6,757.2 154.4,757.2 154.2,757.2 154,757.2 153.8,757.2 153.6,757.2 153.4,757.2 153.2,757.2 153,757.2 152.8,757.2 152.6,757.2 152.4,757.2 152.2,757.2 152,757.2 151.8,757.2 151.6,757.2 151.4,757.2 "
      id = "5" />
<path  style="fill:none;stroke:#000000;stroke-width:2;stroke-opacity:1"
       d="M 222.2,757.2 222.4,757.2 222.6,757.2 222.8,757.2 223,757.2 223.2,757.2 223.4,757.2 223.6,757.2 223.8,757.2 224,757.2 224.2,757.2 224.4,757.2 224.6,757.2 224.8,757.2 225,757.2 225.2,757.2 225.4,757.2 225.6,757.2 225.8,757.2 226,757.2 226.2,757.2 226.4,757.2 226.6,757.2 226.8,757.2 227,757.2 227.2,757.2 227.4,757.2 227.6,757.2 227.8,757.2 228,757.2 228.2,757.2 228.4,757.2 228.6,757.2 228.8,757.2 229,757.2 229.2,757.2 229.4,757.2 229.6,757.2 229.8,757.2 230,757.2 230.2,757.2 230.4,757.2 230.6,757.2 230.8,757.2 231,757.2 231.2,757.2 231.4,757.2 231.6,757.2 231.8,757.2 232,757.2 232.2,757.2 232.4,757.2 232.6,757.2 "
      id = "6" />
<path  style="fill:none;stroke:#000000;stroke-width:2;stroke-opacity:1"
       d="M 222,757.2 221.8,757.2 221.6,757.2 221.4,757.2 221.2,757.2 221,757.2 220.8,757.2 220.6,757.2 220.4,757.2 220.2,757.2 220,757.2 219.8,757.2 219.6,757.2 219.4,757.2 219.2,757.2 219,757.2 218.8,757.2 218.6,757.2 218.4,757.2 218.2,757.2 218,757.2 217.8,757.2 217.6,757.2 217.4,757.2 217.2,757.2 217,757.2 216.8,757.2 216.6,757.2 216.4,757.2 216.2,757.2 216,757.2 215.8,757.2 215.6,757.2 215.4,757.2 215.2,757.2 215,757.2 214.8,757.2 214.6,757.2 214.4,757.2 214.2,757.2 214,757.2 213.8,757.2 213.6,757.2 213.4,757.2 213.2,757.2 213,757.2 212.8,757.2 212.6,757.2 212.4,757.2 212.2,757.2 212,757.2 "
      id = "7" />
<path  style="fill:none;stroke:#000000;stroke-width:2;stroke-opacity:1"
       d="M 288.2,757.2 288.4,757.2 288.6,757.2 288.8,757.2 289,757.2 289.2,757.2 289.4,757.2 289.6,757.2 289.8,757.2 290,757.2 290.2,757.2 290.4,757.2 290.6,757.2 290.8,757.2 291,757.2 291.2,757.2 291.4,757.2 291.6,757.2 291.8,757.2 292,757.2 292.2,757.2 292.4,757.2 292.6,757.2 292.8,757.2 293,757.2 293.2,757.2 293.4,757.2 293.6,757.2 293.8,757.2 294,757.2 294.2,757.2 294.4,757.2 294.6,757.2 294.8,757.2 295,757.2 295.2,757.2 295.4,757.2 295.6,757.2 295.8,757.2 296,757.2 296.2,757.2 296.4,757.2 296.6,757.2 296.8,757.2 297,757.2 297.2,757.2 297.4,757.2 297.6,757.2 297.8,757.2 298,757.2 298.2,757.2 298.4,757.2 298.6,757.2 298.8,757.2 299,757.2 299.2,757.2 299.4,757.2 299.6,757.2 299.8,757.2 300,757.2 300.2,757.2 300.4,757.2 300.6,757.2 300.8,757.2 301,757.2 301.2,757.2 301.4,757.2 301.6,757.2 301.8,757.2 302,757.2 302.2,757.2 302.4,757.2 302.6,757.2 302.8,757.2 303,757.2 303.2,757.2 303.4,757.2 303.6,757.2 303.8,757.2 304,757.2 304.2,757.2 304.4,757.2 304.6,757.2 304.8,757.2 305,757.2 305.2,757.2 305.4,757.2 305.6,757.2 305.8,757.2 306,757.2 306.2,757.2 306.4,757.2 306.6,757.2 306.8,757.2 307,757.2 307.2,757.2 307.4,757.2 307.6,757.2 307.8,757.2 308,757.2 308.2,757.2 308.4,757.2 308.6,757.2 308.8,757.2 309,757.2 309.2,757.2 309.4,757.2 309.6,757.2 309.8,757.2 310,757.2 310.2,757.2 310.4,757.2 310.6,757.2 310.8,757.2 311,757.2 311.2,757.2 311.4,757.2 311.6,757.2 311.8,757.2 312,757.2 312.2,757.2 312.4,757.2 312.6,757.2 312.8,757.2 313,757.2 313.2,757.2 313.4,757.2 313.6,757.2 313.8,757.2 314,757.2 314.2,757.2 314.4,757.2 314.6,757.2 314.8,757.2 315,757.2 315.2,757.2 315.4,757.2 315.6,757.2 315.8,757.2 316,757.2 316.2,757.2 316.4,757.2 316.6,757.2 316.8,757.2 317,757.2 317.2,757.2 317.4,757.2 317.6,757.2 317.8,757.2 318,757.2 318.2,757.2 318.4,757.2 "
      id = "8" />
<path  style="fill:none;stroke:#000000;stroke-width:2;stroke-opacity:1"
       d="M 288,757.2 287.8,757.2 287.6,757.2 287.4,757.2 287.2,757.2 287,757.2 286.8,757.2 286.6,757.2 286.4,757.2 286.2,757.2 286,757.2 285.8,757.2 285.6,757.2 285.4,757.2 285.2,757.2 285,757.2 284.8,757.2 284.6,757.2 284.4,757.2 284.2,757.2 284,757.2 283.8,757.2 283.6,757.2 283.4,757.2 283.2,757.2 283,757.2 282.8,757.2 282.6,757.2 282.4,757.2 282.2,757.2 282,757.2 281.8,757.2 281.6,757.2 281.4,757.2 281.2,757.2 281,757.2 280.8,757.2 280.6,757.2 280.4,757.2 280.2,757.2 280,757.2 279.8,757.2 279.6,757.2 279.4,757.2 279.2,757.2 279,757.2 278.8,757.2 278.6,757.2 278.4,757.2 278.2,757.2 278,757.2 277.8,757.2 277.6,757.2 277.4,757.2 277.2,757.2 277,757.2 276.8,757.2 276.6,757.2 276.4,757.2 276.2,757.2 276,757.2 275.8,757.2 275.6,757.2 275.4,757.2 275.2,757.2 275,757.2 274.8,757.2 274.6,757.2 274.4,757.2 274.2,757.2 274,757.2 273.8,757.2 273.6,757.2 273.4,757.2 273.2,757.2 273,757.2 272.8,757.2 272.6,757.2 272.4,757.2 272.2,757.2 272,757.2 271.8,757.2 271.6,757.2 271.4,757.2 271.2,757.2 271,757.2 270.8,757.2 270.6,757.2 270.4,757.2 270.2,757.2 270,757.2 269.8,757.2 269.6,757.2 269.4,757.2 269.2,757.2 269,757.2 268.8,757.2 268.6,757.2 268.4,757.2 268.2,757.2 268,757.2 267.8,757.2 267.6,757.2 267.4,757.2 267.2,757.2 267,757.2 266.8,757.2 266.6,757.2 266.4,757.2 266.2,757.2 266,757.2 265.8,757.2 265.6,757.2 265.4,757.2 265.2,757.2 265,757.2 264.8,757.2 264.6,757.2 264.4,757.2 264.2,757.2 264,757.2 263.8,757.2 263.6,757.2 263.4,757.2 263.2,757.2 263,757.2 262.8,757.2 262.6,757.2 262.4,757.2 262.2,757.2 262,757.2 261.8,757.2 261.6,757.2 261.4,757.2 261.2,757.2 261,757.2 260.8,757.2 260.6,757.2 260.4,757.2 260.2,757.2 260,757.2 259.8,757.2 259.6,757.2 259.4,757.2 259.2,757.2 259,757.2 258.8,757.2 258.6,757.2 258.4,757.2 258.2,757.2 "
      id = "9" />
<path  style="fill:none;stroke:#000000;stroke-width:2;stroke-opacity:1"
       d="M 343.6,757.2 343.8,757.2 344,757.2 344.2,757.2 344.4,757.2 344.6,757.2 344.8,757.2 345,757.2 345.2,757.2 345.4,757.2 "
      id = "10" />
<path  style="fill:none;stroke:#000000;stroke-width:2;stroke-opacity:1"
       d="M 343.4,757.2 343.2,757.2 343,757.2 342.8,757.2 342.6,757.2 342.4,757.2 342.2,757.2 342,757.2 "
      id = "11" />
<path  style="fill:none;stroke:#000000;stroke-width:2;stroke-opacity:1"
       d="M 349,757.2 349.2,757.2 349.4,757.2 349.6,757.2 349.8,757.2 350,757.2 350.2,757.2 350.4,757.2 350.6,757.2 350.8,757.2 351,757.2 351.2,757.2 351.4,757.2 "
      id = "12" />
<path  style="fill:none;stroke:#000000;stroke-width:2;stroke-opacity:1"
       d="M 348.8,757.2 348.6,757.2 348.4,757.2 348.2,757.2 348,757.2 347.8,757.2 347.6,757.2 347.4,757.2 347.2,757.2 347,757.2 346.8,757.2 "
      id = "13" />
<path  style="fill:none;stroke:#000000;stroke-width:2;stroke-opacity:1"
       d="M 363.6,757.2 363.8,757.2 364,757.2 363.4,757.2 363.6,757.2 "
      id = "14" />
<path  style="fill:none;stroke:#000000;stroke-width:2;stroke-opacity:1"
       d="M 377.6,757.2 377.8,757.2 378,757.2 378.2,757.2 378.4,757.2 378.6,757.2 378.8,757.2 379,757.2 379.2,757.2 "
      id = "15" />
<path  style="fill:none;stroke:#000000;stroke-width:2;stroke-opacity:1"
       d="M 377.4,757.2 377.2,757.2 377,757.2 376.8,757.2 376.6,757.2 376.4,757.2 376.2,757.2 "
      id = "16" />
<path  style="fill:none;stroke:#000000;stroke-width:2;stroke-opacity:1"
       d="M 388.2,757.2 388.4,757.2 388.6,757.2 388.8,757.2 389,757.2 389.2,757.2 389.4,757.2 389.6,757.2 389.8,757.2 390,757.2 390.2,757.2 "
      id = "17" />
<path  style="fill:none;stroke:#000000;stroke-width:2;stroke-opacity:1"
       d="M 388,757.2 387.8,757.2 387.6,757.2 387.4,757.2 387.2,757.2 387,757.2 386.8,757.2 386.6,757.2 386.4,757.2 386.2,757.2 "
      id = "18" />
<path  style="fill:none;stroke:#000000;stroke-width:2;stroke-opacity:1"
       d="M 395.6,757.2 395.8,757.2 396,757.2 396.2,757.2 396.4,757.2 396.6,757.2 396.8,757.2 397,757.2 "
      id = "19" />
<path  style="fill:none;stroke:#000000;stroke-width:2;stroke-opacity:1"
       d="M 395.4,757.2 395.2,757.2 395,757.2 394.8,757.2 394.6,757.2 394.4,757.2 394.2,757.2 "
      id = "20" />
<path  style="fill:none;stroke:#000000;stroke-width:2;stroke-opacity:1"
       d="M 414.4,757.2 414.6,757.2 414.8,757.2 415,757.2 415.2,757.2 414.2,757.2 414,757.2 413.8,757.2 413.6,757.2 414.4,757.2 "
      id = "21" />
<path  style="fill:none;stroke:#000000;stroke-width:2;stroke-opacity:1"
       d="M 424,757.2 424.2,757.2 424.4,757.2 424.6,757.2 424.8,757.2 425,757.2 425.2,757.2 425.4,757.2 425.6,757.2 425.8,757.2 426,757.2 "
      id = "22" />
<path  style="fill:none;stroke:#000000;stroke-width:2;stroke-opacity:1"
       d="M 423.8,757.2 423.6,757.2 423.4,757.2 423.2,757.2 423,757.2 422.8,757.2 422.6,757.2 422.4,757.2 422.2,757.2 422,757.2 "
      id = "23" />
<path  style="fill:none;stroke:#000000;stroke-width:2;stroke-opacity:1"
       d="M 440.6,757.2 440.8,757.2 441,757.2 441.2,757.2 441.4,757.2 441.6,757.2 441.8,757.2 442,757.2 442.2,757.2 442.4,757.2 442.6,757.2 442.8,757.2 443,757.2 443.2,757.2 443.4,757.2 "
      id = "24" />
<path  style="fill:none;stroke:#000000;stroke-width:2;stroke-opacity:1"
       d="M 440.4,757.2 440.2,757.2 440,757.2 439.8,757.2 439.6,757.2 439.4,757.2 439.2,757.2 439,757.2 438.8,757.2 438.6,757.2 438.4,757.2 438.2,757.2 438,757.2 "
      id = "25" />
<path  style="fill:none;stroke:#000000;stroke-width:2;stroke-opacity:1"
       d="M 448.6,757.2 448.8,757.2 449,757.2 449.2,757.2 449.4,757.2 449.6,757.2 449.8,757.2 450,757.2 450.2,757.2 450.4,757.2 450.6,757.2 450.8,757.2 451,757.2 451.2,757.2 451.4,757.2 "
      id = "26" />
<path  style="fill:none;stroke:#000000;stroke-width:2;stroke-opacity:1"
       d="M 448.4,757.2 448.2,757.2 448,757.2 447.8,757.2 447.6,757.2 447.4,757.2 447.2,757.2 447,757.2 446.8,757.2 446.6,757.2 446.4,757.2 446.2,757.2 446,757.2 "
      id = "27" />
<path  style="fill:none;stroke:#000000;stroke-width:2;stroke-opacity:1"
       d="M 455.4,757.2 455.6,757.2 455.8,757.2 456,757.2 456.2,757.2 456.4,757.2 456.6,757.2 456.8,757.2 457,757.2 457.2,757.2 "
      id = "28" />
<path  style="fill:none;stroke:#000000;stroke-width:2;stroke-opacity:1"
       d="M 455.2,757.2 455,757.2 454.8,757.2 454.6,757.2 454.4,757.2 454.2,757.2 454,757.2 453.8,757.2 "
      id = "29" />
<path  style="fill:none;stroke:#000000;stroke-width:2;stroke-opacity:1"
       d="M 462.4,757.2 462.6,757.2 462.8,757.2 463,757.2 463.2,757.2 463.4,757.2 463.6,757.2 463.8,757.2 464,757.2 464.2,757.2 464.4,757.2 464.6,757.2 464.8,757.2 465,757.2 465.2,757.2 465.4,757.2 465.6,757.2 465.8,757.2 466,757.2 466.2,757.2 466.4,757.2 466.6,757.2 "
      id = "30" />
<path  style="fill:none;stroke:#000000;stroke-width:2;stroke-opacity:1"
       d="M 462.2,757.2 462,757.2 461.8,757.2 461.6,757.2 461.4,757.2 461.2,757.2 461,757.2 460.8,757.2 460.6,757.2 460.4,757.2 460.2,757.2 460,757.2 459.8,757.2 459.6,757.2 459.4,757.2 459.2,757.2 459,757.2 458.8,757.2 458.6,757.2 458.4,757.2 "
      id = "31" />
<path  style="fill:none;stroke:#000000;stroke-width:2;stroke-opacity:1"
       d="M 469.4,757.2 469.6,757.2 469.8,757.2 469.2,757.2 469,757.2 469.4,757.2 "
      id = "32" />
<path  style="fill:none;stroke:#000000;stroke-width:2;stroke-opacity:1"
       d="M 476.6,757.2 476.8,757.2 477,757.2 477.2,757.2 477.4,757.2 477.6,757.2 477.8,757.2 478,757.2 "
      id = "33" />
<path  style="fill:none;stroke:#000000;stroke-width:2;stroke-opacity:1"
       d="M 476.4,757.2 476.2,757.2 476,757.2 475.8,757.2 475.6,757.2 475.4,757.2 "
      id = "34" />
<path  style="fill:none;stroke:#000000;stroke-width:2;stroke-opacity:1"
       d="M 484.6,757.2 484.8,757.2 484.4,757.2 484.6,757.2 "
      id = "35" />
<path  style="fill:none;stroke:#000000;stroke-width:2;stroke-opacity:1"
       d="M 496.2,757.2 496.4,757.2 496.6,757.2 496.8,757.2 497,757.2 497.2,757.2 497.4,757.2 497.6,757.2 497.8,757.2 498,757.2 498.2,757.2 498.4,757.2 498.6,757.2 498.8,757.2 499,757.2 "
      id = "36" />
<path  style="fill:none;stroke:#000000;stroke-width:2;stroke-opacity:1"
       d="M 496,757.2 495.8,757.2 495.6,757.2 495.4,757.2 495.2,757.2 495,757.2 494.8,757.2 494.6,757.2 494.4,757.2 494.2,757.2 494,757.2 493.8,757.2 493.6,757.2 "
      id = "37" />
<path  style="fill:none;stroke:#000000;stroke-width:2;stroke-opacity:1"
       d="M 511.4,757.2 511.6,757.2 511.8,757.2 512,757.2 512.2,757.2 512.4,757.2 512.6,757.2 512.8,757.2 513,757.2 513.2,757.2 513.4,757.2 513.6,757.2 513.8,757.2 514,757.2 514.2,757.2 514.4,757.2 514.6,757.2 514.8,757.2 515,757.2 515.2,757.2 515.4,757.2 515.6,757.2 515.8,757.2 516,757.2 516.2,757.2 516.4,757.2 516.6,757.2 516.8,757.2 517,757.2 517.2,757.2 517.4,757.2 517.6,757.2 517.8,757.2 518,757.2 518.2,757.2 518.4,757.2 518.6,757.2 "
      id = "38" />
<path  style="fill:none;stroke:#000000;stroke-width:2;stroke-opacity:1"
       d="M 511.2,757.2 511,757.2 510.8,757.2 510.6,757.2 510.4,757.2 510.2,757.2 510,757.2 509.8,757.2 509.6,757.2 509.4,757.2 509.2,757.2 509,757.2 508.8,757.2 508.6,757.2 508.4,757.2 508.2,757.2 508,757.2 507.8,757.2 507.6,757.2 507.4,757.2 507.2,757.2 507,757.2 506.8,757.2 506.6,757.2 506.4,757.2 506.2,757.2 506,757.2 505.8,757.2 505.6,757.2 505.4,757.2 505.2,757.2 505,757.2 504.8,757.2 504.6,757.2 504.4,757.2 504.2,757.2 "
      id = "39" />
<path  style="fill:none;stroke:#000000;stroke-width:2;stroke-opacity:1"
       d="M 520.6,757.2 520.8,757.2 521,757.2 521.2,757.2 521.4,757.2 521.6,757.2 521.8,757.2 522,757.2 "
      id = "40" />
<path  style="fill:none;stroke:#000000;stroke-width:2;stroke-opacity:1"
       d="M 520.4,757.2 520.2,757.2 520,757.2 519.8,757.2 519.6,757.2 519.4,757.2 "
      id = "41" />
<path  style="fill:none;stroke:#000000;stroke-width:2;stroke-opacity:1"
       d="M 551.6,757.2 551.8,757.2 552,757.2 552.2,757.2 552.4,757.2 552.6,757.2 552.8,757.2 553,757.2 553.2,757.2 553.4,757.2 553.6,757.2 553.8,757.2 554,757.2 554.2,757.2 554.4,757.2 554.6,757.2 554.8,757.2 555,757.2 555.2,757.2 555.4,757.2 555.6,757.2 555.8,757.2 556,757.2 556.2,757.2 556.4,757.2 556.6,757.2 556.8,757.2 557,757.2 557.2,757.2 557.4,757.2 557.6,757.2 557.8,757.2 558,757.2 558.2,757.2 558.4,757.2 558.6,757.2 558.8,757.2 559,757.2 559.2,757.2 559.4,757.2 559.6,757.2 559.8,757.2 560,757.2 560.2,757.2 560.4,757.2 560.6,757.2 560.8,757.2 "
      id = "42" />
<path  style="fill:none;stroke:#000000;stroke-width:2;stroke-opacity:1"
       d="M 551.4,757.2 551.2,757.2 551,757.2 550.8,757.2 550.6,757.2 550.4,757.2 550.2,757.2 550,757.2 549.8,757.2 549.6,757.2 549.4,757.2 549.2,757.2 549,757.2 548.8,757.2 548.6,757.2 548.4,757.2 548.2,757.2 548,757.2 547.8,757.2 547.6,757.2 547.4,757.2 547.2,757.2 547,757.2 546.8,757.2 546.6,757.2 546.4,757.2 546.2,757.2 546,757.2 545.8,757.2 545.6,757.2 545.4,757.2 545.2,757.2 545,757.2 544.8,757.2 544.6,757.2 544.4,757.2 544.2,757.2 544,757.2 543.8,757.2 543.6,757.2 543.4,757.2 543.2,757.2 543,757.2 542.8,757.2 542.6,757.2 542.4,757.2 "
      id = "43" />
<path  style="fill:none;stroke:#000000;stroke-width:2;stroke-opacity:1"
       d="M 565.2,757.2 565.4,757.2 565.6,757.2 565,757.2 565.2,757.2 "
      id = "44" />
<path  style="fill:none;stroke:#000000;stroke-width:2;stroke-opacity:1"
       d="M 569.6,757.2 569.8,757.2 570,757.2 570.2,757.2 570.4,757.2 570.6,757.2 570.8,757.2 571,757.2 "
      id = "45" />
<path  style="fill:none;stroke:#000000;stroke-width:2;stroke-opacity:1"
       d="M 569.4,757.2 569.2,757.2 569,757.2 568.8,757.2 568.6,757.2 568.4,757.2 568.2,757.2 "
      id = "46" />
<path  style="fill:none;stroke:#000000;stroke-width:2;stroke-opacity:1"
       d="M 576.6,757.2 576.8,757.2 577,757.2 577.2,757.2 577.4,757.2 577.6,757.2 577.8,757.2 578,757.2 578.2,757.2 578.4,757.2 578.6,757.2 578.8,757.2 579,757.2 579.2,757.2 579.4,757.2 579.6,757.2 579.8,757.2 580,757.2 580.2,757.2 580.4,757.2 580.6,757.2 580.8,757.2 581,757.2 581.2,757.2 581.4,757.2 581.6,757.2 "
      id = "47" />
<path  style="fill:none;stroke:#000000;stroke-width:2;stroke-opacity:1"
       d="M 576.4,757.2 576.2,757.2 576,757.2 575.8,757.2 575.6,757.2 575.4,757.2 575.2,757.2 575,757.2 574.8,757.2 574.6,757.2 574.4,757.2 574.2,757.2 574,757.2 573.8,757.2 573.6,757.2 573.4,757.2 573.2,757.2 573,757.2 572.8,757.2 572.6,757.2 572.4,757.2 572.2,757.2 572,757.2 571.8,757.2 571.6,757.2 "
      id = "48" />
<path  style="fill:none;stroke:#000000;stroke-width:2;stroke-opacity:1"
       d="M 583.8,757.2 584,757.2 584.2,757.2 583.6,757.2 583.4,757.2 583.8,757.2 "
      id = "49" />
<path  style="fill:none;stroke:#000000;stroke-width:2;stroke-opacity:1"
       d="M 597,757.2 597.2,757.2 597.4,757.2 597.6,757.2 597.8,757.2 598,757.2 598.2,757.2 598.4,757.2 598.6,757.2 598.8,757.2 599,757.2 599.2,757.2 599.4,757.2 599.6,757.2 599.8,757.2 600,757.2 600.2,757.2 600.4,757.2 600.6,757.2 600.8,757.2 601,757.2 601.2,757.2 601.4,757.2 601.6,757.2 601.8,757.2 602,757.2 602.2,757.2 602.4,757.2 602.6,757.2 602.8,757.2 603,757.2 603.2,757.2 603.4,757.2 603.6,757.2 603.8,757.2 604,757.2 604.2,757.2 604.4,757.2 604.6,757.2 604.8,757.2 605,757.2 605.2,757.2 605.4,757.2 605.6,757.2 605.8,757.2 606,757.2 606.2,757.2 606.4,757.2 606.6,757.2 606.8,757.2 607,757.2 607.2,757.2 607.4,757.2 607.6,757.2 607.8,757.2 608,757.2 608.2,757.2 608.4,757.2 608.6,757.2 608.8,757.2 609,757.2 609.2,757.2 "
      id = "50" />
<path  style="fill:none;stroke:#000000;stroke-width:2;stroke-opacity:1"
       d="M 596.8,757.2 596.6,757.2 596.4,757.2 596.2,757.2 596,757.2 595.8,757.2 595.6,757.2 595.4,757.2 595.2,757.2 595,757.2 594.8,757.2 594.6,757.2 594.4,757.2 594.2,757.2 594,757.2 593.8,757.2 593.6,757.2 593.4,757.2 593.2,757.2 593,757.2 592.8,757.2 592.6,757.2 592.4,757.2 592.2,757.2 592,757.2 591.8,757.2 591.6,757.2 591.4,757.2 591.2,757.2 591,757.2 590.8,757.2 590.6,757.2 590.4,757.2 590.2,757.2 590,757.2 589.8,757.2 589.6,757.2 589.4,757.2 589.2,757.2 589,757.2 588.8,757.2 588.6,757.2 588.4,757.2 588.2,757.2 588,757.2 587.8,757.2 587.6,757.2 587.4,757.2 587.2,757.2 587,757.2 586.8,757.2 586.6,757.2 586.4,757.2 586.2,757.2 586,757.2 585.8,757.2 585.6,757.2 585.4,757.2 585.2,757.2 585,757.2 "
      id = "51" />
<path  style="fill:none;stroke:#000000;stroke-width:2;stroke-opacity:1"
       d="M 672,757.2 672.2,757.2 672.4,757.2 672.6,757.2 672.8,757.2 673,757.2 673.2,757.2 673.4,757.2 673.6,757.2 673.8,757.2 674,757.2 674.2,757.2 674.4,757.2 674.6,757.2 674.8,757.2 675,757.2 675.2,757.2 675.4,757.2 675.6,757.2 675.8,757.2 676,757.2 676.2,757.2 676.4,757.2 676.6,757.2 676.8,757.2 677,757.2 677.2,757.2 677.4,757.2 677.6,757.2 677.8,757.2 678,757.2 678.2,757.2 678.4,757.2 678.6,757.2 678.8,757.2 679,757.2 679.2,757.2 679.4,757.2 679.6,757.2 679.8,757.2 680,757.2 680.2,757.2 680.4,757.2 680.6,757.2 680.8,757.2 681,757.2 681.2,757.2 681.4,757.2 681.6,757.2 681.8,757.2 682,757.2 682.2,757.2 682.4,757.2 682.6,757.2 682.8,757.2 683,757.2 683.2,757.2 683.4,757.2 683.6,757.2 683.8,757.2 684,757.2 684.2,757.2 684.4,757.2 684.6,757.2 684.8,757.2 685,757.2 685.2,757.2 685.4,757.2 685.6,757.2 685.8,757.2 686,757.2 686.2,757.2 686.4,757.2 686.6,757.2 686.8,757.2 687,757.2 687.2,757.2 687.4,757.2 687.6,757.2 687.8,757.2 688,757.2 688.2,757.2 688.4,757.2 688.6,757.2 688.8,757.2 689,757.2 689.2,757.2 689.4,757.2 689.6,757.2 689.8,757.2 690,757.2 690.2,757.2 690.4,757.2 690.6,757.2 690.8,757.2 691,757.2 691.2,757.2 691.4,757.2 691.6,757.2 691.8,757.2 692,757.2 692.2,757.2 692.4,757.2 692.6,757.2 692.8,757.2 693,757.2 693.2,757.2 693.4,757.2 693.6,757.2 693.8,757.2 694,757.2 694.2,757.2 694.4,757.2 694.6,757.2 694.8,757.2 695,757.2 695.2,757.2 695.4,757.2 695.6,757.2 695.8,757.2 696,757.2 696.2,757.2 696.4,757.2 696.6,757.2 696.8,757.2 697,757.2 697.2,757.2 697.4,757.2 697.6,757.2 697.8,757.2 698,757.2 698.2,757.2 698.4,757.2 698.6,757.2 698.8,757.2 699,757.2 699.2,757.2 699.4,757.2 699.6,757.2 699.8,757.2 700,757.2 700.2,757.2 700.4,757.2 700.6,757.2 700.8,757.2 701,757.2 701.2,757.2 701.4,757.2 701.6,757.2 701.8,757.2 702,757.2 702.2,757.2 702.4,757.2 702.6,757.2 702.8,757.2 703,757.2 703.2,757.2 703.4,757.2 703.6,757.2 703.8,757.2 "
      id = "52" />
<path  style="fill:none;stroke:#000000;stroke-width:2;stroke-opacity:1"
       d="M 671.8,757.2 671.6,757.2 671.4,757.2 671.2,757.2 671,757.2 670.8,757.2 670.6,757.2 670.4,757.2 670.2,757.2 670,757.2 669.8,757.2 669.6,757.2 669.4,757.2 669.2,757.2 669,757.2 668.8,757.2 668.6,757.2 668.4,757.2 668.2,757.2 668,757.2 667.8,757.2 667.6,757.2 667.4,757.2 667.2,757.2 667,757.2 666.8,757.2 666.6,757.2 666.4,757.2 666.2,757.2 666,757.2 665.8,757.2 665.6,757.2 665.4,757.2 665.2,757.2 665,757.2 664.8,757.2 664.6,757.2 664.4,757.2 664.2,757.2 664,757.2 663.8,757.2 663.6,757.2 663.4,757.2 663.2,757.2 663,757.2 662.8,757.2 662.6,757.2 662.4,757.2 662.2,757.2 662,757.2 661.8,757.2 661.6,757.2 661.4,757.2 661.2,757.2 661,757.2 660.8,757.2 660.6,757.2 660.4,757.2 660.2,757.2 660,757.2 659.8,757.2 659.6,757.2 659.4,757.2 659.2,757.2 659,757.2 658.8,757.2 658.6,757.2 658.4,757.2 658.2,757.2 658,757.2 657.8,757.2 657.6,757.2 657.4,757.2 657.2,757.2 657,757.2 656.8,757.2 656.6,757.2 656.4,757.2 656.2,757.2 656,757.2 655.8,757.2 655.6,757.2 655.4,757.2 655.2,757.2 655,757.2 654.8,757.2 654.6,757.2 654.4,757.2 654.2,757.2 654,757.2 653.8,757.2 653.6,757.2 653.4,757.2 653.2,757.2 653,757.2 652.8,757.2 652.6,757.2 652.4,757.2 652.2,757.2 652,757.2 651.8,757.2 651.6,757.2 651.4,757.2 651.2,757.2 651,757.2 650.8,757.2 650.6,757.2 650.4,757.2 650.2,757.2 650,757.2 649.8,757.2 649.6,757.2 649.4,757.2 649.2,757.2 649,757.2 648.8,757.2 648.6,757.2 648.4,757.2 648.2,757.2 648,757.2 647.8,757.2 647.6,757.2 647.4,757.2 647.2,757.2 647,757.2 646.8,757.2 646.6,757.2 646.4,757.2 646.2,757.2 646,757.2 645.8,757.2 645.6,757.2 645.4,757.2 645.2,757.2 645,757.2 644.8,757.2 644.6,757.2 644.4,757.2 644.2,757.2 644,757.2 643.8,757.2 643.6,757.2 643.4,757.2 643.2,757.2 643,757.2 642.8,757.2 642.6,757.2 642.4,757.2 642.2,757.2 642,757.2 641.8,757.2 641.6,757.2 641.4,757.2 641.2,757.2 641,757.2 640.8,757.2 640.6,757.2 640.4,757.2 640.2,757.2 "
      id = "53" />
<path  style="fill:none;stroke:#000000;stroke-width:2;stroke-opacity:1"
       d="M 726.4,757.2 726.6,757.2 726.8,757.2 726.2,757.2 726,757.2 726.4,757.2 "
      id = "54" />
<path  style="fill:none;stroke:#000000;stroke-width:2;stroke-opacity:1"
       d="M 768,757.2 768.2,757.2 768.4,757.2 768.6,757.2 768.8,757.2 769,757.2 769.2,757.2 769.4,757.2 769.6,757.2 769.8,757.2 770,757.2 770.2,757.2 770.4,757.2 770.6,757.2 770.8,757.2 771,757.2 771.2,757.2 771.4,757.2 771.6,757.2 771.8,757.2 772,757.2 772.2,757.2 772.4,757.2 772.6,757.2 772.8,757.2 773,757.2 773.2,757.2 773.4,757.2 773.6,757.2 773.8,757.2 774,757.2 774.2,757.2 774.4,757.2 774.6,757.2 774.8,757.2 775,757.2 775.2,757.2 775.4,757.2 775.6,757.2 775.8,757.2 776,757.2 776.2,757.2 776.4,757.2 776.6,757.2 776.8,757.2 777,757.2 777.2,757.2 777.4,757.2 777.6,757.2 777.8,757.2 778,757.2 778.2,757.2 778.4,757.2 778.6,757.2 778.8,757.2 779,757.2 779.2,757.2 779.4,757.2 779.6,757.2 779.8,757.2 780,757.2 780.2,757.2 780.4,757.2 780.6,757.2 780.8,757.2 781,757.2 781.2,757.2 781.4,757.2 781.6,757.2 781.8,757.2 782,757.2 782.2,757.2 782.4,757.2 782.6,757.2 782.8,757.2 783,757.2 783.2,757.2 783.4,757.2 783.6,757.2 783.8,757.2 784,757.2 784.2,757.2 784.4,757.2 784.6,757.2 784.8,757.2 785,757.2 785.2,757.2 785.4,757.2 785.6,757.2 785.8,757.2 786,757.2 786.2,757.2 786.4,757.2 786.6,757.2 786.8,757.2 787,757.2 787.2,757.2 787.4,757.2 787.6,757.2 787.8,757.2 788,757.2 "
      id = "55" />
<path  style="fill:none;stroke:#000000;stroke-width:2;stroke-opacity:1"
       d="M 767.8,757.2 767.6,757.2 767.4,757.2 767.2,757.2 767,757.2 766.8,757.2 766.6,757.2 766.4,757.2 766.2,757.2 766,757.2 765.8,757.2 765.6,757.2 765.4,757.2 765.2,757.2 765,757.2 764.8,757.2 764.6,757.2 764.4,757.2 764.2,757.2 764,757.2 763.8,757.2 763.6,757.2 763.4,757.2 763.2,757.2 763,757.2 762.8,757.2 762.6,757.2 762.4,757.2 762.2,757.2 762,757.2 761.8,757.2 761.6,757.2 761.4,757.2 761.2,757.2 761,757.2 760.8,757.2 760.6,757.2 760.4,757.2 760.2,757.2 760,757.2 759.8,757.2 759.6,757.2 759.4,757.2 759.2,757.2 759,757.2 758.8,757.2 758.6,757.2 758.4,757.2 758.2,757.2 758,757.2 757.8,757.2 757.6,757.2 757.4,757.2 757.2,757.2 757,757.2 756.8,757.2 756.6,757.2 756.4,757.2 756.2,757.2 756,757.2 755.8,757.2 755.6,757.2 755.4,757.2 755.2,757.2 755,757.2 754.8,757.2 754.6,757.2 754.4,757.2 754.2,757.2 754,757.2 753.8,757.2 753.6,757.2 753.4,757.2 753.2,757.2 753,757.2 752.8,757.2 752.6,757.2 752.4,757.2 752.2,757.2 752,757.2 751.8,757.2 751.6,757.2 751.4,757.2 751.2,757.2 751,757.2 750.8,757.2 750.6,757.2 750.4,757.2 750.2,757.2 750,757.2 749.8,757.2 749.6,757.2 749.4,757.2 749.2,757.2 749,757.2 748.8,757.2 748.6,757.2 748.4,757.2 748.2,757.2 748,757.2 "
      id = "56" />
<path  style="fill:none;stroke:#000000;stroke-width:2;stroke-opacity:1"
       d="M 809.6,757.2 809.8,757.2 810,757.2 809.4,757.2 809.2,757.2 809.6,757.2 "
      id = "57" />
</svg>
