<svg
   width="864"
   height = "1152"
   version="1.1"
   id="svg2"
   xmlns="http://www.w3.org/2000/svg"
   xmlns:svg="http://www.w3.org/2000/svg">
  <defs
     id="defs6" />

<path  style="fill:none;stroke:#000000;stroke-width:2;stroke-opacity:1"
       d="M 255,128 255,127 255,127 254,126 254,125 254,124 254,124 253,123 253,122 253,122 252,121 252,120 252,119 252,119 251,118 251,117 251,117 250,116 250,115 250,114 250,114 249,113 249,112 249,111 249,111 248,110 248,109 248,108 248,107 248,106 248,105 248,104 248,103 248,102 248,101 248,100 248,99 248,98 248,97 248,96 248,95 248,94 248,93 248,92 248,91 248,90 248,89 248,88 248,87 248,86 248,85 248,84 248,83 248,82 248,81 248,80 248,79 248,78 248,77 248,76 248,75 248,74 248,73 248,72 248,71 248,70 248,69 248,68 248,67 248,66 248,65 248,64 248,63 248,62 248,62 247,61 247,60 247,59 247,58 247,57 247,56 247,55 247,54 247,53 247,52 247,51 247,50 247,49 247,48 "
      id = "2" />
<path  style="fill:none;stroke:#000000;stroke-width:2;stroke-opacity:1"
       d="M 280,190 281,192 282,195 283,197 284,200 285,202 286,205 287,207 "
      id = "3" />
<path  style="fill:none;stroke:#000000;stroke-width:2;stroke-opacity:1"
       d="M 619,210 620,210 620,210 624,209 625,209 628,208 630,208 632,207 634,207 636,207 638,206 640,206 643,205 645,205 647,205 649,204 651,204 654,203 656,203 659,202 661,202 663,202 665,201 667,201 670,200 672,200 674,200 676,199 678,199 681,198 683,198 686,197 688,197 690,197 690,197 "
      id = "6" />
<path  style="fill:none;stroke:#000000;stroke-width:2;stroke-opacity:1"
       d="M 646,427 648,428 650,428 652,429 654,430 656,431 658,431 659,435 659,435 660,438 660,438 661,442 661,442 662,445 662,445 663,449 663,449 664,452 664,452 665,456 665,456 666,459 666,459 667,463 667,463 668,466 668,466 669,470 669,470 670,473 670,473 671,477 671,477 672,480 672,480 673,484 673,484 674,488 675,491 675,491 676,495 677,498 677,498 678,502 679,505 680,508 681,511 681,512 682,515 683,518 683,519 684,522 685,525 685,526 685,526 684,523 684,523 683,519 682,516 682,516 681,512 680,509 680,509 679,505 678,502 "
      id = "7" />
<path  style="fill:none;stroke:#000000;stroke-width:2;stroke-opacity:1"
       d="M 656,431 654,430 651,429 648,428 647,427 646,427 "
      id = "8" />
<path  style="fill:none;stroke:#000000;stroke-width:2;stroke-opacity:1"
       d="M 111,425 111,424 111,424 110,423 110,422 110,421 110,421 109,420 109,419 109,419 108,418 108,417 108,417 107,416 107,415 107,414 107,414 106,413 106,412 106,412 105,411 105,410 105,410 104,409 104,408 104,407 104,407 103,406 103,405 103,405 102,404 102,403 102,403 101,402 101,401 101,400 101,400 100,399 100,398 100,398 99,397 99,396 99,396 98,395 98,394 98,393 98,393 97,392 97,391 97,391 96,390 96,389 96,389 95,388 95,387 95,386 95,386 94,385 94,384 94,384 93,383 93,382 93,382 92,381 92,380 92,380 91,379 91,378 91,377 91,377 90,376 90,375 90,375 89,374 89,373 89,373 88,372 88,371 88,370 88,370 87,369 87,368 87,368 86,367 86,366 86,366 85,365 85,364 85,363 85,363 84,362 84,361 84,361 83,360 83,359 83,359 82,358 82,357 82,356 82,356 81,355 81,354 82,353 83,353 83,353 84,352 85,352 86,352 86,352 87,351 88,351 89,351 89,351 90,350 91,350 91,350 92,349 93,349 94,349 94,349 95,348 96,348 97,348 97,348 98,347 99,347 99,347 100,346 101,346 102,346 102,346 103,345 104,345 104,345 105,344 106,344 107,344 107,344 108,343 109,343 110,343 110,343 111,342 112,342 112,342 113,341 114,341 115,341 115,341 116,340 116,339 116,338 117,337 117,336 118,335 118,334 118,333 119,332 119,331 120,330 120,329 121,328 121,327 121,326 122,325 122,324 123,323 123,322 124,321 124,320 124,319 125,318 126,317 127,316 128,315 129,315 130,314 131,313 132,312 133,312 134,311 135,310 136,310 137,309 138,308 139,307 140,307 141,306 142,305 143,304 144,304 145,303 146,302 147,301 148,301 149,300 150,299 151,298 152,299 152,299 153,300 153,300 154,301 154,301 155,302 155,302 156,303 156,303 157,304 157,304 158,305 158,305 159,305 160,306 160,306 161,307 161,307 162,308 162,308 163,309 163,309 164,310 164,310 165,311 165,311 166,312 166,312 167,313 167,313 168,314 168,314 169,315 169,315 170,316 170,316 171,317 171,317 172,318 173,318 174,318 175,318 176,317 177,317 178,317 179,316 180,316 181,315 182,315 183,315 184,314 185,315 185,315 186,316 187,316 186,316 188,317 188,317 189,318 189,318 190,319 191,319 192,320 192,320 193,321 194,321 195,322 195,322 196,323 196,323 197,324 198,324 199,325 199,325 200,326 201,326 202,327 202,327 203,328 203,328 204,329 205,329 206,330 206,330 207,331 208,331 209,332 209,332 210,333 210,333 211,334 212,334 213,335 213,335 214,336 215,336 216,337 216,337 217,338 217,338 218,339 219,339 220,340 220,340 221,341 222,341 223,342 223,342 224,343 224,343 225,344 226,344 227,345 227,345 228,346 229,346 230,347 230,347 231,348 231,348 232,349 233,349 234,350 234,350 235,351 236,351 237,352 237,352 238,353 239,353 240,354 240,354 241,355 241,355 242,356 243,356 244,357 244,357 245,358 246,358 247,359 247,359 248,360 248,360 249,361 250,361 251,362 251,362 252,363 253,363 254,364 254,364 255,365 255,365 256,366 257,366 258,367 258,367 259,368 260,368 261,369 261,369 262,370 262,370 264,371 265,372 267,373 268,374 269,375 271,376 272,377 274,378 275,379 276,380 276,381 276,382 276,383 276,384 276,385 276,386 276,387 276,388 275,389 275,389 275,390 275,391 275,392 275,393 275,394 275,395 275,396 275,397 275,398 275,399 275,400 275,401 275,402 275,403 275,404 275,405 275,406 275,407 275,408 275,409 275,410 275,411 275,412 275,413 274,414 274,414 274,415 274,416 274,417 274,418 274,419 274,420 274,421 274,422 274,423 274,424 274,425 274,426 274,427 274,428 274,429 274,430 274,431 274,432 274,433 274,434 274,435 274,436 274,437 274,438 274,439 273,440 273,440 273,441 273,442 273,443 273,444 273,445 273,446 273,447 273,448 273,449 273,450 273,451 273,452 273,453 272,454 271,454 271,454 270,455 270,455 269,456 269,456 268,457 268,457 267,458 266,458 266,458 265,459 265,459 264,460 264,460 263,461 262,461 262,461 261,462 261,462 260,463 260,463 259,464 258,464 258,464 257,465 257,465 256,466 256,466 255,467 255,467 254,468 253,468 253,468 252,469 252,469 251,470 251,470 250,471 249,471 249,471 248,472 248,472 247,473 247,473 246,474 246,474 245,475 244,475 244,475 243,476 243,476 242,477 242,477 241,478 240,478 240,478 239,479 239,479 238,480 238,480 237,481 236,481 236,481 235,482 235,482 234,483 234,483 233,484 233,484 232,485 231,485 231,485 230,486 230,486 229,487 229,487 228,488 227,488 227,488 226,489 226,489 225,490 225,490 227,492 228,492 229,492 230,492 230,492 231,491 232,491 233,491 234,491 234,491 235,490 236,490 237,490 238,490 238,490 239,489 240,489 241,489 242,489 243,490 244,490 245,490 246,491 247,491 249,492 250,492 252,493 253,493 255,494 256,494 258,495 259,495 261,496 263,496 265,497 267,498 269,498 271,499 273,500 275,500 277,501 279,501 280,502 279,503 279,504 279,505 279,506 279,507 278,508 278,509 278,510 278,511 277,512 277,513 277,514 277,515 277,516 276,517 276,518 276,519 276,520 276,521 275,522 275,523 275,524 275,525 274,526 274,527 274,528 274,529 274,530 273,531 273,532 273,533 273,534 272,535 272,536 272,537 271,538 270,538 270,538 269,539 269,539 268,540 267,540 267,540 266,541 266,541 265,542 264,542 264,542 263,543 263,543 262,544 261,544 261,544 260,545 260,545 259,546 258,546 258,546 257,547 256,547 255,546 255,546 254,546 253,546 252,546 251,545 251,545 250,545 249,545 248,544 248,544 247,544 246,544 245,543 245,543 244,543 243,543 242,542 242,542 241,542 240,542 239,542 238,541 238,541 237,541 236,541 235,540 235,540 234,540 233,540 232,539 232,539 231,539 230,539 229,538 229,538 228,538 227,538 226,538 225,537 225,537 224,537 223,537 222,536 222,536 221,536 220,536 219,535 219,535 218,535 217,535 216,534 216,534 215,533 215,532 215,531 215,530 216,529 216,529 216,528 216,527 216,526 216,525 216,524 217,523 217,523 217,522 217,521 217,520 217,519 218,518 218,518 218,517 218,516 218,515 218,514 218,513 219,512 219,512 219,511 219,510 219,509 219,508 219,507 220,506 220,506 220,505 220,504 220,503 220,502 220,501 221,500 221,500 221,499 221,498 221,497 221,496 221,495 222,494 223,494 223,494 224,493 225,493 226,493 226,493 224,491 224,491 223,492 222,492 222,492 221,493 221,493 220,494 220,494 219,495 218,495 218,495 217,496 217,496 216,497 216,497 215,498 215,498 214,499 213,499 213,499 212,500 212,500 211,501 211,501 210,502 209,502 209,502 208,503 208,503 207,504 206,503 206,503 205,502 205,502 204,502 203,501 203,501 202,500 202,500 201,500 200,499 200,499 199,498 199,498 198,498 197,497 197,497 196,496 196,496 195,495 195,495 194,495 193,494 193,494 192,493 192,493 191,493 190,492 190,492 189,491 189,491 188,491 187,490 187,490 186,489 186,489 185,489 184,488 184,488 183,487 183,487 182,487 181,486 181,486 180,485 180,485 179,485 178,484 178,484 177,483 177,483 176,483 175,482 175,482 174,481 174,481 173,481 172,480 172,480 171,479 171,479 170,479 169,478 169,478 168,477 168,477 167,477 166,476 166,476 165,475 165,475 164,475 163,474 163,474 162,473 162,473 161,473 160,472 160,472 159,471 159,471 158,471 157,470 157,470 156,469 156,469 155,469 154,468 154,468 153,467 153,467 152,467 151,466 151,466 150,465 150,465 149,465 148,464 148,464 147,463 147,463 146,463 145,462 145,462 144,461 144,461 143,461 142,460 142,460 141,459 141,459 140,459 139,458 139,458 138,457 138,457 137,457 136,456 136,456 135,455 135,455 134,455 133,454 133,454 132,453 132,453 131,453 130,452 130,452 129,451 129,451 128,451 127,450 127,450 126,449 126,449 125,449 124,448 124,448 123,447 123,447 122,447 121,446 121,446 120,445 120,444 120,444 119,443 119,442 119,442 118,441 118,440 118,440 117,439 117,438 117,437 117,437 116,436 116,435 116,435 115,434 115,433 115,433 114,432 114,431 114,431 113,430 113,429 113,428 113,428 112,427 112,426 112,426 111,425 "
      id = "9" />
<path  style="fill:none;stroke:#000000;stroke-width:2;stroke-opacity:1"
       d="M 116,340 117,337 118,335 119,332 120,330 121,328 122,325 123,323 124,321 125,318 126,317 127,316 129,315 130,314 131,313 133,312 134,311 136,310 137,309 138,308 140,307 141,306 142,305 144,304 145,303 146,302 148,301 149,300 150,299 "
      id = "10" />
<path  style="fill:none;stroke:#000000;stroke-width:2;stroke-opacity:1"
       d="M 172,318 175,318 178,317 180,316 183,315 "
      id = "11" />
<path  style="fill:none;stroke:#000000;stroke-width:2;stroke-opacity:1"
       d="M 190,319 193,321 197,324 200,326 204,329 207,331 211,334 214,336 218,339 221,341 225,344 228,346 232,349 235,351 238,353 242,356 245,358 249,361 252,363 256,366 259,368 263,371 263,371 265,372 266,373 268,374 269,375 270,376 272,377 273,378 275,379 273,378 270,376 266,373 "
      id = "12" />
<path  style="fill:none;stroke:#000000;stroke-width:2;stroke-opacity:1"
       d="M 243,490 246,491 248,491 249,492 251,492 252,493 254,493 255,494 257,494 258,495 260,495 261,496 262,496 264,497 266,497 268,498 270,499 272,499 274,500 276,500 278,501 279,503 277,501 273,500 270,499 267,498 264,497 "
      id = "13" />
<path  style="fill:none;stroke:#000000;stroke-width:2;stroke-opacity:1"
       d="M 406,401 408,400 410,399 413,398 415,397 418,396 420,395 "
      id = "15" />
<path  style="fill:none;stroke:#000000;stroke-width:2;stroke-opacity:1"
       d="M 506,516 506,515 506,514 506,513 506,512 506,511 506,510 506,509 506,508 506,507 507,506 508,506 508,506 509,505 509,505 510,504 511,504 511,504 512,503 513,503 514,503 515,503 516,503 517,503 518,503 519,503 520,503 521,503 522,503 523,503 524,503 525,503 526,503 527,503 528,503 529,503 530,503 531,503 532,503 533,503 534,503 535,504 535,505 535,506 535,507 535,508 535,509 535,510 535,511 535,512 535,513 535,514 535,515 535,516 535,517 535,518 535,519 535,520 535,521 535,522 535,523 535,524 535,525 534,526 534,526 533,527 533,527 532,528 532,528 531,529 531,529 530,530 530,530 529,531 528,530 528,530 527,530 526,530 525,530 524,530 523,530 522,530 521,530 520,530 519,530 518,530 517,530 516,530 515,530 514,530 513,530 512,530 511,530 510,530 509,530 508,530 507,530 506,529 506,528 506,527 506,526 506,525 506,524 506,523 506,522 506,521 506,520 506,519 506,518 506,516 "
      id = "16" />
<path  style="fill:none;stroke:#000000;stroke-width:2;stroke-opacity:1"
       d="M 507,701 508,698 509,695 510,692 511,689 512,686 513,684 514,681 515,678 "
      id = "20" />
<path  style="fill:none;stroke:#000000;stroke-width:2;stroke-opacity:1"
       d="M 540,681 544,682 548,683 552,684 556,685 560,686 564,687 568,688 572,689 576,690 580,691 584,692 588,693 592,694 595,695 599,696 603,697 607,698 "
      id = "21" />
<path  style="fill:none;stroke:#000000;stroke-width:2;stroke-opacity:1"
       d="M 604,824 602,826 602,827 602,828 602,828 603,830 604,832 "
      id = "22" />
<path  style="fill:none;stroke:#000000;stroke-width:2;stroke-opacity:1"
       d="M 156,746 156,747 156,747 155,748 155,749 155,749 154,750 154,751 154,751 153,752 153,752 152,753 152,754 152,754 151,755 151,756 151,756 150,757 150,758 150,758 149,759 149,760 149,760 148,761 148,762 148,762 147,763 147,763 146,764 146,765 146,765 145,766 146,767 146,767 147,768 148,768 149,768 150,768 150,768 151,769 152,769 153,769 154,769 155,769 155,769 156,770 157,770 158,770 159,770 160,770 160,770 161,771 162,771 163,771 164,771 164,771 165,772 166,772 167,772 168,772 169,772 169,772 170,773 171,773 172,773 173,773 174,773 174,773 175,774 176,774 177,774 178,774 178,774 179,775 180,775 181,775 182,775 183,775 183,775 184,776 185,776 186,776 187,776 188,776 188,776 189,777 190,777 191,777 192,777 192,777 193,778 194,778 195,778 196,778 197,778 198,778 199,778 200,777 200,777 201,776 201,775 201,775 202,774 202,773 202,772 202,772 203,771 203,770 203,770 204,769 204,768 204,768 205,767 205,766 205,766 206,765 206,764 206,764 207,763 207,762 207,762 208,761 208,760 208,760 209,759 209,758 209,757 209,757 210,756 210,755 210,755 211,754 211,753 211,753 212,752 212,751 212,751 213,750 213,749 213,749 214,748 214,747 214,747 215,746 215,745 215,744 215,744 216,743 216,742 216,742 217,741 217,740 217,740 218,739 218,738 218,738 219,737 219,736 219,736 220,735 220,734 220,734 221,733 221,732 221,732 222,731 222,730 222,729 222,729 223,728 223,727 222,726 221,726 220,726 219,726 219,726 218,725 217,725 216,725 216,725 215,724 214,724 213,724 212,724 212,724 211,723 210,723 209,723 208,723 208,723 207,722 206,722 205,722 204,722 204,722 203,721 202,721 201,721 201,721 200,720 199,720 198,720 197,720 197,720 196,719 195,719 194,719 193,719 193,719 192,718 191,718 190,718 190,718 189,717 188,717 187,717 186,717 186,717 185,716 184,716 183,716 182,716 182,716 181,715 180,715 179,715 179,715 178,714 177,714 176,714 175,714 174,714 173,715 173,716 173,716 172,717 172,718 172,718 171,719 171,720 171,720 170,721 170,721 169,722 169,723 169,723 168,724 168,725 168,725 167,726 167,727 167,727 166,728 166,729 166,729 165,730 165,731 165,731 164,732 164,732 163,733 163,734 163,734 162,735 162,736 162,736 161,737 161,738 161,738 160,739 160,740 160,740 159,741 159,741 158,742 158,743 158,743 157,744 157,745 156,746 "
      id = "23" />
<path  style="fill:none;stroke:#000000;stroke-width:2;stroke-opacity:1"
       d="M 331,1013 331,1014 331,1015 331,1015 330,1016 330,1017 330,1018 330,1018 329,1019 329,1020 329,1020 328,1021 328,1022 328,1023 328,1023 327,1024 327,1025 327,1026 327,1026 326,1027 326,1028 326,1029 326,1029 325,1030 325,1031 325,1031 324,1032 324,1033 324,1034 324,1034 323,1035 323,1036 323,1037 323,1037 322,1038 322,1039 322,1040 322,1040 321,1041 321,1042 321,1043 321,1043 320,1044 320,1045 320,1045 319,1046 319,1047 319,1048 319,1048 318,1049 318,1050 318,1051 318,1051 317,1052 317,1053 317,1054 317,1054 316,1055 316,1056 316,1057 316,1058 316,1059 316,1060 316,1061 316,1061 315,1062 315,1063 315,1064 315,1065 315,1066 315,1067 315,1068 315,1068 314,1069 314,1070 314,1071 314,1072 314,1073 314,1074 314,1074 313,1075 313,1076 313,1077 313,1078 313,1079 313,1080 313,1081 313,1081 312,1082 312,1083 312,1084 312,1085 312,1086 312,1087 312,1087 311,1088 311,1089 311,1090 311,1091 311,1092 311,1093 311,1094 310,1095 310,1096 310,1097 310,1098 310,1099 310,1100 309,1101 309,1102 309,1103 309,1103 308,1103 307,1103 306,1103 305,1103 304,1103 303,1103 302,1103 301,1103 300,1103 299,1103 298,1103 297,1103 296,1103 295,1103 294,1103 293,1103 292,1103 291,1103 290,1103 289,1103 288,1103 287,1103 286,1103 285,1103 284,1103 283,1103 282,1103 281,1103 280,1103 279,1103 278,1103 277,1103 276,1103 275,1103 274,1103 273,1103 272,1103 271,1103 270,1103 269,1103 268,1103 267,1103 266,1103 265,1103 264,1103 263,1103 262,1103 261,1103 260,1103 259,1103 258,1103 257,1103 256,1103 255,1103 254,1103 253,1103 252,1103 251,1103 250,1103 249,1103 248,1103 "
      id = "24" />
<path  style="fill:none;stroke:#000000;stroke-width:2;stroke-opacity:1"
       d="M 381,1099 381,1100 381,1101 381,1102 381,1103 381,1099 382,1098 382,1097 382,1096 382,1095 382,1094 382,1094 383,1093 383,1092 383,1091 383,1090 383,1089 383,1089 384,1088 384,1087 384,1086 384,1085 384,1085 385,1084 385,1083 385,1082 385,1081 385,1080 385,1080 386,1079 386,1078 386,1077 386,1076 386,1075 386,1075 387,1074 387,1073 387,1072 387,1071 387,1070 387,1070 388,1069 388,1068 388,1067 388,1066 388,1066 389,1065 389,1064 389,1063 389,1062 389,1061 389,1061 390,1060 390,1059 390,1058 390,1057 390,1056 390,1056 391,1055 391,1054 391,1053 391,1052 391,1051 391,1050 391,1050 392,1049 392,1048 392,1047 392,1046 392,1045 392,1044 392,1044 393,1043 394,1042 395,1042 396,1042 397,1042 398,1042 399,1042 400,1042 401,1042 402,1042 403,1042 404,1042 405,1042 406,1042 407,1042 408,1042 409,1042 410,1042 411,1042 412,1043 413,1043 414,1043 415,1043 416,1042 416,1041 416,1040 416,1039 416,1038 416,1037 416,1036 416,1035 416,1034 416,1033 416,1032 416,1031 416,1030 416,1029 416,1028 416,1027 416,1026 416,1025 416,1025 417,1024 417,1023 417,1022 417,1021 417,1020 417,1019 417,1018 417,1017 417,1016 417,1015 417,1014 417,1013 417,1012 417,1011 417,1010 417,1009 417,1008 417,1007 417,1006 417,1005 417,1005 418,1004 418,1003 418,1002 418,1001 418,1000 418,999 418,998 418,997 418,996 418,995 418,994 418,993 418,992 418,991 418,990 418,989 418,988 418,987 418,986 419,985 419,984 419,983 419,982 419,981 419,980 419,979 419,978 419,977 419,976 419,975 419,974 419,973 419,972 419,971 419,970 419,969 419,968 419,967 419,966 420,965 420,964 420,963 420,962 420,961 420,960 420,959 420,958 420,957 420,956 420,955 420,954 420,953 420,952 420,951 420,950 420,949 420,948 420,947 420,946 420,945 420,944 419,943 419,942 419,941 419,940 419,939 419,938 419,937 419,936 419,935 419,934 419,933 419,932 419,931 419,930 419,929 419,928 419,927 419,926 419,925 419,924 419,923 419,922 418,921 417,921 416,921 415,921 414,921 413,921 412,921 411,921 410,921 409,921 408,921 407,921 406,921 405,921 404,921 403,921 402,921 401,921 400,921 399,921 398,921 398,921 397,920 396,920 395,920 394,920 393,920 392,920 391,920 390,920 389,920 388,920 387,920 386,920 385,920 384,920 383,920 382,920 381,920 380,920 379,920 378,920 377,920 376,920 375,920 374,920 373,920 372,920 372,920 371,919 370,919 369,919 368,919 367,919 366,919 365,919 364,919 363,919 362,919 361,919 360,920 360,921 360,922 360,922 359,923 359,924 359,925 359,926 359,927 359,928 359,928 358,929 358,930 358,931 358,932 358,933 358,933 357,934 357,935 357,936 357,937 357,938 357,939 357,939 356,940 356,941 356,942 356,943 356,944 356,944 355,945 355,946 355,947 355,948 355,949 355,950 355,950 354,951 354,952 354,953 354,954 354,955 354,955 353,956 353,957 353,958 353,959 353,960 353,961 353,961 352,962 352,963 352,964 352,965 352,966 352,966 351,967 351,968 351,969 351,970 351,971 351,972 351,972 350,973 350,974 350,975 350,976 350,977 350,977 349,978 349,979 349,980 348,980 347,980 346,980 346,980 345,979 344,979 343,980 343,981 343,981 342,982 342,983 342,984 342,984 341,985 341,986 341,987 341,987 340,988 340,989 340,990 340,990 339,991 339,992 339,993 339,993 338,994 338,995 338,995 337,996 337,997 337,998 337,998 336,999 336,1000 336,1001 336,1001 335,1002 335,1003 335,1004 335,1004 334,1005 334,1006 334,1006 333,1007 333,1008 333,1009 333,1009 332,1010 332,1011 332,1012 332,1012 "
      id = "25" />
<path  style="fill:none;stroke:#000000;stroke-width:2;stroke-opacity:1"
       d="M 249,78 249,77 249,76 249,75 249,74 249,73 249,72 249,71 249,70 249,69 249,68 249,67 249,66 249,65 249,64 249,63 249,62 248,61 248,61 248,60 248,59 248,58 248,57 248,56 248,55 248,54 248,53 248,52 248,51 248,50 248,49 248,48 248,48 249,48 250,48 251,48 252,48 253,48 254,48 255,48 256,48 257,48 258,48 259,48 260,48 261,48 262,48 263,48 264,48 265,48 266,48 267,48 268,48 269,48 270,48 271,48 272,48 273,48 274,48 275,48 276,48 277,48 278,48 279,48 280,48 281,48 282,48 283,48 284,48 285,48 286,48 287,48 288,48 289,48 290,48 291,48 292,48 293,48 294,48 295,48 296,48 297,48 298,48 299,48 300,48 301,48 302,48 303,48 304,48 305,48 306,48 307,48 308,48 309,48 310,48 311,48 312,48 313,48 314,48 315,48 316,48 317,48 318,48 319,48 320,48 321,48 322,48 323,48 324,48 325,48 326,48 327,48 328,48 329,48 330,48 331,48 332,48 333,48 334,48 335,48 336,48 337,48 338,48 339,48 340,48 341,48 342,48 343,48 344,48 345,48 346,48 347,48 348,48 349,48 350,48 351,48 351,48 351,49 351,50 351,51 351,52 351,53 351,54 351,55 351,56 351,57 351,58 351,59 351,60 351,61 351,62 351,63 351,64 351,65 351,66 351,67 351,68 351,69 351,70 351,71 351,72 351,73 351,74 351,75 351,76 351,77 351,78 351,79 351,80 351,81 351,82 351,83 351,84 351,85 351,86 351,87 351,88 351,89 351,90 351,91 351,92 351,93 351,94 351,95 351,96 351,97 351,98 351,99 351,100 351,101 351,102 351,103 351,104 351,105 351,106 351,107 351,108 351,109 351,110 351,110 350,110 349,110 348,110 347,110 346,110 345,110 344,110 343,110 342,110 341,110 340,110 339,110 338,110 337,110 336,110 335,110 334,110 333,110 332,110 331,110 330,110 329,110 328,110 327,110 326,110 325,110 324,110 323,110 322,110 321,110 320,110 319,110 318,110 317,110 316,110 315,110 314,110 313,110 312,110 311,110 310,110 309,110 308,110 307,110 306,110 305,110 304,110 303,110 302,110 301,110 300,110 299,110 298,110 297,110 296,110 295,110 294,110 293,110 292,110 291,110 290,110 289,110 288,110 287,110 286,110 285,110 284,110 283,110 282,110 281,110 280,110 279,110 278,110 277,110 276,110 275,110 274,110 273,110 272,110 271,110 270,110 269,110 268,110 267,110 266,110 265,110 264,110 263,110 262,110 261,110 260,110 259,110 258,110 257,110 256,110 255,110 254,110 253,110 253,110 252,109 251,109 250,109 249,109 249,109 249,108 249,107 249,106 249,105 249,104 249,103 249,102 249,101 249,100 249,99 249,98 249,97 249,96 249,95 249,94 249,93 249,92 249,91 249,90 249,89 249,88 249,87 249,86 249,85 249,84 249,83 249,82 249,81 249,80 249,78 "
      id = "26" />
<path  style="fill:none;stroke:#000000;stroke-width:2;stroke-opacity:1"
       d="M 355,126 355,125 355,124 354,123 354,123 354,122 354,121 354,120 354,119 353,118 353,118 353,117 353,116 353,115 353,114 353,113 352,112 352,112 352,111 352,110 352,109 352,108 352,107 352,106 352,105 352,104 352,103 352,102 352,101 352,100 352,99 352,98 352,97 352,96 352,95 352,94 352,93 352,92 352,91 352,90 352,89 352,88 352,87 352,86 352,85 352,84 352,83 352,82 352,81 352,80 352,79 352,78 352,77 352,76 352,75 352,74 352,73 352,72 352,71 352,70 352,69 352,68 352,67 352,66 352,65 352,64 352,63 352,62 352,61 352,60 352,59 352,58 352,57 352,56 352,55 352,54 352,53 352,52 352,51 352,50 352,49 352,48 352,48 353,48 354,48 355,48 356,48 357,48 357,48 357,49 357,50 357,51 357,52 358,53 358,53 358,54 358,55 358,56 358,57 358,58 358,59 358,60 359,61 359,61 359,62 359,63 359,64 359,65 359,66 359,67 360,68 360,68 360,69 360,70 360,71 360,72 360,73 360,74 361,75 361,75 361,76 361,77 361,78 361,79 361,80 361,81 362,82 362,82 362,83 362,84 362,85 362,86 362,87 362,88 362,89 363,90 363,90 363,91 363,92 363,93 363,94 363,95 363,96 364,97 364,97 364,98 364,99 364,100 364,101 364,102 364,103 365,104 365,104 365,105 365,106 365,107 365,108 365,109 365,110 366,111 366,111 366,112 366,113 366,114 366,115 366,116 366,117 367,118 367,118 367,119 367,120 367,121 367,122 367,123 367,124 367,125 368,126 368,126 368,127 368,128 368,129 368,130 368,131 368,132 368,133 368,134 368,135 368,136 368,137 368,138 368,139 368,140 368,141 368,142 368,143 368,144 368,145 368,146 368,147 368,148 368,149 368,150 368,151 368,152 368,153 368,154 368,155 368,156 368,157 368,158 368,159 368,160 368,161 368,162 368,163 368,164 368,165 368,166 368,167 368,168 368,169 368,170 368,171 368,172 368,173 368,174 368,175 368,176 368,177 368,178 368,179 368,180 368,181 368,182 368,183 368,184 368,185 368,186 368,187 368,188 368,189 368,190 368,191 368,192 368,193 368,194 368,195 368,196 368,197 368,198 368,199 368,200 368,201 368,202 368,203 368,204 368,205 368,206 368,206 368,206 368,205 368,204 368,203 368,202 368,201 367,200 367,200 367,199 367,198 367,197 367,196 367,195 366,194 366,194 366,193 366,192 366,191 366,190 366,189 365,188 365,188 365,187 365,186 365,185 365,184 365,183 364,182 364,182 364,181 364,180 364,179 364,178 364,177 363,176 363,176 363,175 363,174 363,173 363,172 362,171 362,171 362,170 362,169 362,168 362,167 362,166 361,165 361,165 361,164 361,163 361,162 361,161 361,160 360,159 360,159 360,158 360,157 360,156 360,155 360,154 359,153 359,153 359,152 359,151 359,150 359,149 359,148 358,147 358,147 358,146 358,145 358,144 358,143 358,142 357,141 357,141 357,140 357,139 357,138 357,137 357,136 356,135 356,135 356,134 356,133 356,132 356,131 356,130 355,129 355,129 355,128 355,126 "
      id = "27" />
<path  style="fill:none;stroke:#000000;stroke-width:2;stroke-opacity:1"
       d="M 268,157 268,158 268,158 269,159 269,160 269,161 269,161 270,162 270,163 270,164 270,164 271,165 271,166 271,166 272,167 272,168 272,169 272,169 273,170 273,171 273,171 274,172 274,173 274,174 274,174 275,175 275,176 275,176 276,177 276,178 276,179 276,179 277,180 277,181 277,181 278,182 278,183 278,184 278,184 279,185 279,186 279,186 280,187 280,188 280,189 280,189 281,190 281,191 281,191 282,192 282,193 282,194 282,194 283,195 283,196 283,196 284,197 284,198 284,199 284,199 285,200 285,201 285,201 286,202 286,203 286,204 286,204 287,205 287,206 287,206 288,207 288,208 288,208 289,208 290,208 291,208 292,208 293,208 294,209 294,209 295,209 296,209 297,209 298,209 299,209 300,209 301,209 302,209 303,209 304,209 305,209 306,209 307,209 308,209 309,209 310,209 311,209 312,209 313,209 314,209 315,209 316,209 317,209 318,209 319,209 320,209 321,209 322,209 323,209 324,209 325,209 326,209 327,209 328,209 329,209 330,209 331,209 332,209 333,209 334,209 335,209 336,209 337,209 338,209 339,209 340,209 341,209 342,209 343,209 344,209 345,209 346,209 347,209 348,209 349,209 350,209 351,209 352,209 353,209 354,209 355,209 356,209 357,209 358,209 359,209 360,209 361,209 362,209 363,209 364,209 365,209 366,209 367,209 368,209 368,209 368,208 368,207 368,207 367,206 367,205 367,204 367,203 367,202 367,201 367,201 366,200 366,199 366,198 366,197 366,196 366,195 366,195 365,194 365,193 365,192 365,191 365,190 365,189 365,189 364,188 364,187 364,186 364,185 364,184 364,183 364,183 363,182 363,181 363,180 363,179 363,178 363,177 363,177 362,176 362,175 362,174 362,173 362,172 362,172 361,171 361,170 361,169 361,168 361,167 361,166 361,166 360,165 360,164 360,163 360,162 360,161 360,160 360,160 359,159 359,158 359,157 359,156 359,155 359,154 359,154 358,153 358,152 358,151 358,150 358,149 358,148 358,148 357,147 357,146 357,145 357,144 357,143 357,142 357,142 356,141 356,140 356,139 356,138 356,137 356,136 356,136 355,135 355,134 355,133 355,132 355,131 355,130 355,130 354,129 354,128 354,127 354,126 354,125 354,124 354,124 353,123 353,122 353,121 353,120 353,119 353,119 352,118 352,117 352,116 352,115 352,114 352,113 352,113 351,112 351,111 351,111 350,111 349,111 348,111 347,111 346,111 345,111 344,111 343,111 342,111 341,111 340,111 339,111 338,111 337,111 336,111 335,111 334,111 333,111 332,111 331,111 330,111 329,111 328,111 327,111 326,111 325,111 324,111 323,111 322,111 321,111 320,111 319,111 318,111 317,111 316,111 315,111 314,111 313,111 312,111 311,111 310,111 309,111 308,111 307,111 306,111 305,111 304,111 303,111 302,111 301,111 300,111 299,111 298,111 297,111 296,111 295,111 294,111 293,111 292,111 291,111 290,111 289,111 288,111 287,111 286,111 285,111 284,111 283,111 282,111 281,111 280,111 279,111 278,111 277,111 276,111 275,111 274,111 273,111 272,111 271,111 270,111 269,111 268,111 267,111 266,111 265,111 264,111 263,111 262,111 261,111 260,111 259,111 258,111 257,111 256,111 255,111 254,111 253,111 252,110 252,110 251,110 250,110 249,110 249,110 249,110 250,111 250,112 250,113 250,113 251,114 251,115 251,116 251,116 252,117 252,118 252,118 253,119 253,120 253,121 253,121 254,122 254,123 254,123 255,124 255,125 255,126 255,126 256,127 256,128 256,128 257,129 257,130 257,131 257,131 258,132 258,133 258,133 259,134 259,135 259,136 259,136 260,137 260,138 260,138 261,139 261,140 261,141 261,141 262,142 262,143 262,143 263,144 263,145 263,146 263,146 264,147 264,148 264,148 265,149 265,150 265,151 265,151 266,152 266,153 266,153 267,154 267,155 267,156 268,157 "
      id = "28" />
<path  style="fill:none;stroke:#000000;stroke-width:2;stroke-opacity:1"
       d="M 475,315 475,314 475,313 475,312 475,311 475,310 475,309 475,308 475,307 475,306 475,305 475,304 475,303 475,302 475,301 475,300 475,299 475,298 475,297 475,296 475,295 475,294 475,293 475,292 475,291 475,290 475,289 475,288 475,287 475,286 475,285 475,284 475,283 475,282 475,281 475,280 475,279 475,278 475,277 475,276 475,275 475,274 475,273 475,272 475,271 475,270 474,269 474,269 474,268 474,267 474,266 474,265 474,264 474,263 474,262 474,261 474,260 474,259 474,258 474,257 474,256 474,255 474,254 474,253 474,252 474,251 474,250 474,249 474,248 474,247 474,246 474,245 474,244 474,243 474,242 474,241 474,240 474,239 474,238 474,238 475,238 476,237 476,237 477,237 478,237 479,237 480,237 481,236 481,236 482,236 483,236 484,236 485,236 486,235 486,235 487,235 488,235 489,235 490,235 491,235 492,234 492,234 493,234 494,234 495,234 496,234 497,233 497,233 498,233 499,233 500,233 501,233 502,232 502,232 503,232 504,232 505,232 506,232 507,232 508,231 508,231 509,231 510,231 511,231 512,231 513,230 513,230 514,230 515,230 516,230 517,230 518,230 519,229 519,229 520,229 521,229 522,229 523,229 524,228 524,228 525,228 526,228 527,228 528,228 529,227 530,227 531,227 532,227 533,227 534,227 535,226 536,226 537,226 538,226 539,226 540,225 541,225 542,225 543,225 544,225 545,224 546,224 547,224 548,224 549,224 550,224 551,223 552,223 553,223 554,223 555,223 556,222 557,222 558,222 559,222 560,222 561,222 562,221 563,221 564,221 565,221 566,221 567,220 568,220 569,220 570,220 571,220 572,219 573,219 574,219 575,219 576,219 577,219 578,218 579,218 580,218 581,218 583,217 584,217 585,217 586,217 588,216 589,216 590,216 591,216 592,216 594,215 595,215 596,215 597,215 599,214 600,214 601,214 602,214 603,214 605,213 606,213 607,213 608,213 610,212 611,212 612,212 613,212 615,211 616,211 617,211 618,211 619,211 621,210 622,210 623,210 624,210 626,209 628,209 630,209 632,208 634,208 636,208 638,207 640,207 642,206 644,206 646,206 648,205 650,205 652,205 654,204 656,204 658,203 660,203 662,203 664,202 666,202 669,201 671,201 673,201 675,200 677,200 680,199 682,199 685,198 687,198 689,198 691,197 693,197 693,197 693,198 693,198 692,197 691,197 692,199 692,200 692,201 692,202 692,203 692,203 691,204 691,205 691,206 691,207 691,207 690,208 690,209 690,210 690,211 690,212 690,212 689,213 689,214 689,215 689,216 689,217 689,217 688,218 688,219 688,220 688,221 688,222 688,222 687,223 687,224 687,225 687,226 687,227 687,227 686,228 686,229 686,230 686,231 686,232 686,232 685,233 685,234 685,235 685,236 685,236 684,237 684,238 684,239 684,240 684,241 684,241 683,242 683,243 683,244 683,245 683,246 683,246 682,247 682,248 682,249 682,250 682,251 682,251 681,252 681,253 681,254 681,255 681,256 681,256 680,257 680,258 680,259 680,260 680,261 680,261 679,262 679,263 679,264 679,265 679,266 679,266 678,267 678,268 678,269 678,270 678,270 677,271 677,272 677,273 677,274 677,275 677,275 676,276 676,277 676,278 676,279 676,280 676,280 675,281 675,282 675,283 675,284 675,285 675,285 674,286 674,287 674,288 674,289 674,290 674,290 673,291 673,292 673,293 673,294 673,295 673,295 672,296 672,297 672,298 672,299 672,299 671,300 671,301 671,302 671,303 671,304 671,304 670,305 670,306 670,307 670,308 670,309 670,309 669,310 669,311 669,312 669,313 669,314 669,314 668,315 668,316 668,317 668,318 668,319 668,319 667,320 667,321 667,322 667,323 667,324 667,324 666,325 666,326 666,327 666,328 666,329 666,329 665,330 665,331 665,332 665,333 665,333 664,334 664,335 664,336 664,337 664,338 664,338 663,339 663,340 663,341 663,342 663,343 663,343 662,344 662,345 662,346 662,347 662,348 662,348 661,349 661,350 661,351 661,352 661,353 661,353 660,354 660,355 660,356 660,357 660,358 660,358 659,359 659,360 659,361 659,362 659,363 659,363 658,364 658,365 658,366 658,367 658,367 657,368 657,369 657,370 657,371 657,372 657,372 656,373 656,374 656,375 656,376 656,377 656,377 655,378 655,379 655,380 655,381 655,382 655,382 654,383 654,384 654,385 654,386 654,387 654,387 653,388 653,389 653,390 653,391 653,392 653,392 652,393 652,394 652,395 652,396 652,396 651,397 651,398 651,399 651,400 651,401 651,401 650,402 650,403 650,404 650,405 650,406 650,406 649,407 649,408 649,409 649,410 649,411 649,411 648,412 648,413 648,414 648,415 648,416 648,416 647,417 647,418 647,419 647,420 647,421 647,421 646,422 646,423 646,424 646,425 646,426 646,426 645,426 644,426 643,426 643,426 642,425 641,425 640,425 640,425 639,424 638,424 638,424 637,423 636,423 635,423 635,423 634,422 633,422 633,422 632,421 631,421 630,421 630,421 629,420 628,420 627,420 627,420 626,419 625,419 625,419 624,418 623,418 622,418 622,418 621,417 620,417 620,417 619,416 618,416 617,416 617,416 616,415 615,415 614,415 614,415 613,414 612,414 611,414 610,415 610,415 609,415 608,416 608,416 607,417 607,417 606,417 605,418 605,418 604,418 603,419 603,419 602,419 601,420 601,420 600,420 599,421 599,421 598,422 598,422 597,422 596,423 596,423 595,423 594,424 594,424 593,424 592,425 592,425 591,425 590,426 590,426 589,427 589,427 588,427 587,428 587,428 586,428 585,429 585,429 584,429 583,430 583,430 582,430 581,431 581,431 580,432 580,432 579,432 578,432 577,432 576,432 575,432 574,432 573,432 572,432 571,432 570,433 570,433 569,433 568,433 567,433 566,433 565,433 564,433 563,433 562,433 561,433 560,433 559,433 558,433 557,433 556,433 555,433 554,433 553,433 552,433 551,433 550,433 549,433 548,433 547,433 546,433 545,433 544,433 543,433 542,433 541,433 540,433 539,433 538,433 537,433 536,433 535,433 534,433 533,433 532,433 531,433 530,434 530,434 529,434 528,434 527,434 526,434 525,434 524,434 523,434 522,434 521,434 520,434 519,434 518,434 517,434 516,434 515,434 514,434 513,434 512,434 511,434 510,434 509,434 508,434 507,434 506,434 505,434 504,434 503,434 502,434 501,434 500,434 499,434 498,434 497,434 496,434 495,434 494,434 493,434 492,434 491,434 490,435 490,435 489,435 488,435 487,435 486,435 485,435 484,435 483,435 482,435 481,435 480,435 479,435 478,435 478,435 478,434 478,433 478,432 478,431 478,430 478,429 478,428 478,427 478,426 478,425 478,424 478,423 478,422 478,421 478,420 478,419 478,418 478,417 478,416 478,415 478,414 477,413 477,413 477,412 477,411 477,410 477,409 477,408 477,407 477,406 477,405 477,404 477,403 477,402 477,401 477,400 477,399 477,398 477,397 477,396 477,395 477,394 477,393 477,392 477,391 477,390 477,389 477,388 477,387 477,386 477,385 477,384 477,383 477,382 477,381 477,380 477,379 477,378 477,377 477,376 477,375 477,374 477,373 477,372 477,371 477,370 477,369 477,368 477,367 477,366 476,365 476,365 476,364 476,363 476,362 476,361 476,360 476,359 476,358 476,357 476,356 476,355 476,354 476,353 476,352 476,351 476,350 476,349 476,348 476,347 476,346 476,345 476,344 476,343 476,342 476,341 476,340 476,339 476,338 476,337 476,336 476,335 476,334 476,333 476,332 476,331 476,330 476,329 476,328 476,327 476,326 476,325 476,324 476,323 476,322 476,321 476,320 476,319 476,318 475,317 475,317 475,316 475,315 "
      id = "29" />
<path  style="fill:none;stroke:#000000;stroke-width:2;stroke-opacity:1"
       d="M 578,218 582,218 583,217 587,217 588,216 593,216 594,215 598,215 599,214 604,214 605,213 609,213 610,212 614,212 615,211 620,211 621,210 625,210 626,209 627,209 629,209 631,208 633,208 635,208 637,207 639,207 641,207 643,206 645,206 647,206 649,205 651,205 653,204 655,204 657,204 659,203 661,203 663,203 665,202 667,202 669,201 670,201 672,201 675,200 676,200 678,200 680,199 683,199 685,198 688,198 690,198 686,198 684,199 681,199 679,200 "
      id = "30" />
<path  style="fill:none;stroke:#000000;stroke-width:2;stroke-opacity:1"
       d="M 668,202 664,202 668,202 "
      id = "31" />
<path  style="fill:none;stroke:#000000;stroke-width:2;stroke-opacity:1"
       d="M 263,372 264,372 265,373 267,374 268,375 269,376 271,377 272,378 272,378 271,377 270,377 269,376 268,375 267,374 266,374 265,373 264,372 262,371 262,371 261,370 261,370 260,369 260,369 259,369 258,368 258,368 257,367 257,367 256,367 255,366 255,366 254,365 254,365 253,364 253,364 252,364 251,363 251,363 250,362 250,362 249,362 248,361 248,361 247,360 247,360 246,359 246,359 245,359 244,358 244,358 243,357 243,357 242,357 241,356 241,356 240,355 240,355 239,354 239,354 238,354 237,353 237,353 236,352 236,352 235,352 234,351 234,351 233,350 233,350 232,350 231,349 231,349 230,348 230,348 229,347 229,347 228,347 227,346 227,346 226,345 226,345 225,345 224,344 224,344 223,343 223,343 222,342 222,342 221,342 220,341 220,341 219,340 219,340 218,340 217,339 217,339 216,338 216,338 215,337 215,337 214,337 213,336 213,336 212,335 212,335 211,335 210,334 210,334 209,333 209,333 208,332 208,332 207,332 206,331 206,331 205,330 205,330 204,330 203,329 203,329 202,328 202,328 201,327 201,327 200,327 199,326 199,326 198,325 198,325 197,325 196,324 196,324 195,323 195,323 194,322 194,322 193,322 192,321 192,321 191,320 191,320 190,320 189,319 189,319 188,318 188,318 187,317 187,317 186,317 185,316 185,316 184,315 184,315 184,315 183,316 182,316 181,316 181,316 180,317 179,317 179,317 178,318 177,318 176,318 176,318 175,319 174,319 173,319 173,319 172,320 171,320 171,320 170,321 169,321 168,321 168,321 167,322 166,322 165,322 165,322 164,323 163,323 163,323 162,324 161,324 160,324 160,324 159,325 158,325 158,325 157,326 156,326 155,326 155,326 154,327 153,327 152,327 152,327 151,328 150,328 150,328 149,329 148,329 147,329 147,329 146,330 145,330 145,330 144,331 143,331 142,331 142,331 141,332 140,332 139,332 139,332 138,333 137,333 137,333 136,334 135,334 134,334 134,334 133,335 132,335 131,335 131,335 130,336 129,336 129,336 128,337 127,337 126,337 126,337 125,338 124,338 124,338 123,339 122,339 121,339 121,339 120,340 119,340 118,340 118,340 117,341 116,341 116,341 115,342 114,342 113,342 113,342 112,343 111,343 111,343 110,344 109,344 108,344 108,344 107,345 106,345 105,345 105,345 104,346 103,346 103,346 102,347 101,347 100,347 100,347 99,348 98,348 98,348 97,349 96,349 95,349 95,349 94,350 93,350 92,350 92,350 91,351 90,351 90,351 89,352 88,352 87,352 87,352 86,353 85,353 84,353 84,353 83,354 82,354 82,354 82,354 83,355 83,355 84,355 85,356 85,356 86,357 86,357 87,357 88,358 88,358 89,359 89,359 90,360 90,360 91,360 92,361 92,361 93,362 93,362 94,362 95,363 95,363 96,364 96,364 97,364 98,365 98,365 99,366 99,366 100,366 101,367 101,367 102,368 102,368 103,368 104,369 104,369 "
      id = "37" />
<path  style="fill:none;stroke:#000000;stroke-width:2;stroke-opacity:1"
       d="M 156,405 159,407 162,409 165,411 166,412 168,413 169,414 171,415 172,416 174,417 175,418 177,419 178,420 180,421 181,422 183,423 184,424 185,425 187,426 188,427 190,428 "
      id = "38" />
<path  style="fill:none;stroke:#000000;stroke-width:2;stroke-opacity:1"
       d="M 359,371 359,372 359,372 360,373 360,374 360,375 360,375 361,376 361,377 361,377 362,378 362,379 362,379 363,380 363,381 363,381 364,382 364,383 364,384 364,384 365,385 365,386 365,386 366,387 366,388 366,388 367,389 367,390 367,390 368,391 368,392 368,392 369,393 369,394 369,395 369,395 370,396 370,397 370,397 371,398 371,399 371,399 372,399 372,400 372,400 372,401 372,401 373,401 373,401 373,402 373,402 373,403 373,403 373,404 373,404 374,404 374,404 374,405 374,405 374,406 374,406 374,406 375,407 375,407 375,407 375,408 375,408 375,408 "
      id = "41" />
<path  style="fill:none;stroke:#000000;stroke-width:2;stroke-opacity:1"
       d="M 372,398 372,397 372,397 371,396 371,395 371,394 371,394 370,393 370,392 370,391 370,391 369,390 369,389 369,388 369,388 368,387 368,386 368,385 368,384 368,384 367,383 367,382 367,381 367,381 366,380 366,379 366,378 366,378 365,377 365,376 365,376 364,375 364,374 364,374 363,373 363,372 363,372 362,371 362,370 362,369 362,369 361,368 361,367 361,367 360,366 360,365 360,365 359,364 359,363 359,363 358,362 358,361 358,360 358,360 357,359 357,358 357,358 356,357 356,356 356,356 355,355 355,354 355,354 354,353 354,352 354,352 353,351 353,350 353,349 353,349 352,348 352,347 352,347 351,347 351,346 351,345 351,345 350,345 350,344 350,344 350,343 350,343 349,343 349,343 349,342 349,342 349,341 349,341 349,340 349,340 348,340 348,340 348,339 348,339 348,338 348,338 348,338 347,337 347,337 347,337 347,336 347,336 347,336 "
      id = "42" />
<path  style="fill:none;stroke:#000000;stroke-width:2;stroke-opacity:1"
       d="M 91,376 90,374 89,372 88,369 87,367 86,365 85,362 84,360 83,358 "
      id = "45" />
<path  style="fill:none;stroke:#000000;stroke-width:2;stroke-opacity:1"
       d="M 369,384 369,385 369,386 369,387 369,387 370,388 370,389 370,390 370,390 371,391 371,392 371,393 371,393 372,394 372,395 372,396 372,396 373,397 373,398 373,399 373,400 373,400 374,401 374,402 374,403 374,403 375,404 375,405 375,406 375,406 376,407 376,408 376,409 376,409 377,410 377,411 377,412 377,412 378,412 379,412 379,412 380,411 381,411 381,411 382,410 383,410 383,410 384,409 385,409 386,409 386,409 387,408 388,408 388,408 389,407 390,407 390,407 391,406 392,406 393,406 393,406 394,405 395,405 395,405 396,404 397,404 398,404 398,404 399,403 400,403 400,403 401,402 402,402 402,402 403,401 404,401 405,401 405,401 406,400 407,400 407,400 408,399 409,399 409,399 410,398 411,398 412,398 412,398 413,397 414,397 414,397 415,396 416,396 417,396 417,396 418,395 419,395 419,395 420,394 421,394 421,394 422,393 423,393 424,393 424,393 424,392 424,391 424,390 424,389 424,388 424,387 424,387 423,386 423,385 423,384 423,383 423,382 423,381 423,380 423,379 423,378 423,377 423,376 423,375 423,374 423,374 422,373 422,372 422,371 422,370 422,369 422,368 422,367 422,366 422,365 422,364 422,363 422,362 422,361 422,360 422,360 421,359 421,358 421,357 421,357 420,357 419,357 419,357 418,358 417,358 417,358 416,359 415,359 415,359 414,360 413,360 412,360 412,360 411,361 410,361 410,361 409,362 408,362 407,362 407,362 406,363 405,363 405,363 404,364 403,364 403,364 402,365 401,365 400,365 400,365 399,366 398,366 398,366 397,367 396,367 396,367 395,368 394,368 393,368 393,368 392,369 391,369 391,369 390,370 389,370 388,370 388,370 387,371 386,371 386,371 385,372 384,372 384,372 383,373 382,373 381,373 381,373 380,374 379,374 379,374 378,375 377,375 376,375 376,375 375,376 374,376 374,376 373,377 372,377 372,377 371,378 370,378 369,378 369,378 368,379 367,379 367,379 367,380 367,380 368,381 368,382 368,383 369,384 "
      id = "47" />
<path  style="fill:none;stroke:#000000;stroke-width:2;stroke-opacity:1"
       d="M 195,440 195,439 195,438 195,437 194,436 194,436 194,435 194,434 194,433 194,432 193,431 193,431 193,431 194,430 194,430 195,429 195,429 196,429 197,428 197,428 198,428 199,427 199,427 200,426 200,426 201,426 202,425 202,425 203,425 204,424 204,424 205,423 205,423 206,423 207,422 207,422 208,422 209,421 209,421 210,420 210,420 211,420 212,419 212,419 213,418 213,418 214,418 215,417 215,417 216,417 217,416 217,416 218,415 218,415 219,415 220,414 220,414 221,414 222,413 222,413 223,412 223,412 224,412 225,411 225,411 226,411 227,410 227,410 228,409 228,409 229,409 230,408 230,408 231,407 231,407 232,407 233,406 233,406 234,406 235,405 235,405 236,404 236,404 237,404 238,403 238,403 239,403 240,402 240,402 241,401 241,401 242,401 243,400 243,400 244,400 245,399 245,399 246,398 247,398 248,397 248,397 249,396 250,396 251,395 252,395 253,394 254,393 255,393 256,392 257,392 258,391 259,390 260,390 261,389 262,388 263,388 264,387 265,387 266,386 267,385 268,385 269,384 270,384 271,383 272,382 273,382 274,381 275,381 275,381 275,382 275,383 275,384 275,385 275,386 275,387 275,388 275,388 274,389 274,390 274,391 274,392 274,393 274,394 274,395 274,396 274,397 274,398 274,399 274,400 274,401 274,402 274,403 274,404 274,405 274,406 274,407 274,408 274,409 274,410 274,411 274,412 274,413 274,413 273,414 273,415 273,416 273,417 273,418 273,419 273,420 273,421 273,422 273,423 273,424 273,425 273,426 273,427 273,428 273,429 273,430 273,431 273,432 273,433 273,434 273,435 273,436 273,437 273,438 273,439 273,439 272,440 272,441 272,442 272,443 272,444 272,445 272,446 272,447 272,448 272,449 272,450 272,451 272,452 272,453 272,453 271,453 270,454 270,454 269,455 269,455 268,456 268,456 267,457 267,457 266,457 265,458 265,458 264,459 264,459 263,460 263,460 262,460 261,461 261,461 260,462 260,462 259,463 259,463 258,463 257,464 257,464 256,465 256,465 255,466 255,466 254,467 254,467 253,467 252,468 252,468 251,469 251,469 250,470 250,470 249,470 248,471 248,471 247,472 247,472 246,473 246,473 245,474 245,474 244,474 243,475 243,475 242,476 242,476 241,477 241,477 240,477 239,478 239,478 238,479 238,479 237,480 237,480 236,480 235,481 235,481 234,482 234,482 233,483 233,483 232,484 232,484 231,484 230,485 230,485 229,486 229,486 228,487 228,487 227,487 226,488 226,488 225,489 225,489 224,490 224,490 223,491 223,491 222,491 221,492 221,492 220,493 220,493 219,494 219,494 218,494 217,495 217,495 216,496 216,496 215,497 215,497 214,498 214,498 213,498 212,499 212,499 211,500 211,500 210,501 210,501 209,501 208,502 208,502 208,502 207,501 207,501 207,500 207,499 207,498 207,497 206,496 206,496 206,495 206,494 206,493 206,492 205,491 205,491 205,490 205,489 205,488 205,487 204,486 204,486 204,485 204,484 204,483 204,482 203,481 203,481 203,480 203,479 203,478 203,477 202,476 202,476 202,475 202,474 202,473 202,472 201,471 201,471 201,470 201,469 201,468 201,467 200,466 200,466 200,465 200,464 200,463 200,462 199,461 199,461 199,460 199,459 199,458 199,457 198,456 198,456 198,455 198,454 198,453 198,452 197,451 197,451 197,450 197,449 197,448 197,447 196,446 196,446 196,445 196,444 196,443 196,442 195,441 195,441 195,440 "
      id = "48" />
<path  style="fill:none;stroke:#000000;stroke-width:2;stroke-opacity:1"
       d="M 246,398 249,396 251,395 253,394 254,393 256,392 258,391 259,390 261,389 262,388 264,387 266,386 267,385 269,384 271,383 272,382 "
      id = "49" />
<path  style="fill:none;stroke:#000000;stroke-width:2;stroke-opacity:1"
       d="M 476,444 476,445 476,445 477,446 477,446 478,447 478,448 478,448 479,449 479,449 480,450 480,451 480,451 481,452 481,452 482,453 482,454 482,454 483,455 483,456 483,456 484,457 484,457 485,458 485,459 485,459 486,460 486,460 487,461 487,462 487,462 488,463 488,463 489,464 489,465 489,465 490,466 490,467 490,467 491,468 491,468 492,469 492,470 492,470 493,471 493,471 494,472 494,473 494,473 495,474 495,474 496,475 496,476 496,476 497,477 497,477 498,478 498,479 498,479 499,480 499,481 499,481 500,482 500,482 501,483 501,484 501,484 502,485 502,485 503,486 503,487 503,487 504,488 504,488 505,489 505,490 505,490 505,490 506,489 507,489 508,489 509,489 510,489 511,489 512,489 513,489 514,489 514,489 515,488 516,488 517,488 518,488 519,488 520,488 521,488 522,488 522,488 523,487 524,487 525,487 526,487 527,487 528,487 529,487 530,487 531,487 531,487 532,486 533,486 534,486 534,486 534,485 534,485 533,484 533,483 533,483 532,482 532,481 532,481 531,480 531,479 531,479 530,478 530,477 530,476 530,476 529,475 529,474 529,474 528,473 528,472 528,472 527,471 527,470 527,470 526,469 526,468 526,468 525,467 525,466 525,466 524,465 524,464 524,463 525,462 526,462 526,462 527,461 527,461 528,460 529,460 529,460 530,459 531,459 531,459 532,458 533,458 533,458 534,457 535,457 535,457 536,456 536,456 537,455 538,455 538,455 539,454 540,454 540,454 541,453 542,453 542,453 543,452 544,452 544,452 545,451 545,451 546,450 547,450 547,450 548,449 549,449 549,449 550,448 551,448 551,448 552,447 553,447 553,447 554,446 554,446 555,445 556,445 556,445 557,444 558,444 558,444 559,443 560,443 560,443 561,442 562,442 562,442 563,441 563,441 564,440 565,440 565,440 566,439 567,439 567,439 568,438 569,438 569,438 570,437 571,437 572,436 573,435 574,435 575,434 575,434 575,433 575,433 574,433 573,433 572,433 571,433 571,433 570,434 569,434 568,434 567,434 566,434 565,434 564,434 563,434 562,434 561,434 560,434 559,434 558,434 557,434 556,434 555,434 554,434 553,434 552,434 551,434 550,434 549,434 548,434 547,434 546,434 545,434 544,434 543,434 542,434 541,434 540,434 539,434 538,434 537,434 536,434 535,434 534,434 533,434 532,434 531,434 531,434 530,435 529,435 528,435 527,435 526,435 525,435 524,435 523,435 522,435 521,435 520,435 519,435 518,435 517,435 516,435 515,435 514,435 513,435 512,435 511,435 510,435 509,435 508,435 507,435 506,435 505,435 504,435 503,435 502,435 501,435 500,435 499,435 498,435 497,435 496,435 495,435 494,435 493,435 492,435 491,435 491,435 490,436 489,436 488,436 487,436 486,436 485,436 484,436 483,436 482,436 481,436 480,436 479,436 478,436 477,435 477,434 477,433 477,432 477,431 477,430 477,429 477,428 477,427 477,426 477,425 477,424 477,423 477,422 477,421 477,420 477,419 477,418 477,417 477,416 477,415 477,414 477,414 476,413 476,412 476,411 476,410 476,409 476,408 476,407 476,406 476,405 476,404 476,403 476,402 476,401 476,400 476,400 476,400 475,401 474,401 474,401 473,402 472,402 471,402 471,402 470,403 469,403 469,403 468,404 467,404 466,404 466,404 465,405 464,405 463,405 463,405 462,406 461,406 461,406 460,407 459,407 458,407 458,407 457,408 456,408 456,408 455,409 454,409 453,409 453,409 453,409 454,410 454,410 455,411 455,412 455,412 456,413 456,413 457,414 457,415 457,415 458,416 458,416 459,417 459,418 459,418 460,419 460,420 460,420 461,421 461,421 462,422 462,423 462,423 463,424 463,424 464,425 464,426 464,426 465,427 465,427 466,428 466,429 466,429 467,430 467,430 468,431 468,432 468,432 469,433 469,434 469,434 470,435 470,435 471,436 471,437 471,437 472,438 472,438 473,439 473,440 473,440 474,441 474,441 475,442 475,443 475,443 476,444 "
      id = "51" />
<path  style="fill:none;stroke:#000000;stroke-width:2;stroke-opacity:1"
       d="M 600,421 602,420 604,419 606,418 609,416 "
      id = "53" />
<path  style="fill:none;stroke:#000000;stroke-width:2;stroke-opacity:1"
       d="M 550,504 550,505 550,505 551,506 551,507 551,507 552,508 552,509 552,509 553,510 553,511 553,512 553,512 554,513 554,514 554,514 555,515 555,516 555,516 556,517 556,518 556,518 557,519 557,520 557,520 558,521 558,522 558,522 559,523 559,524 559,525 559,525 560,526 560,527 560,527 561,528 561,529 561,529 562,530 562,531 562,531 563,532 563,533 563,533 564,534 564,535 564,535 565,536 565,537 565,538 565,538 566,539 566,540 566,540 567,541 567,542 567,542 568,543 568,544 568,544 569,545 569,546 569,546 570,547 570,548 570,548 571,549 571,550 571,550 572,551 572,552 572,553 572,553 573,554 573,555 573,555 574,556 574,557 574,557 575,558 575,559 575,559 576,560 576,561 576,561 577,562 577,563 577,563 578,564 578,565 578,566 578,566 579,567 579,568 579,568 580,569 580,570 580,570 581,571 581,572 581,572 582,573 582,573 583,573 584,573 584,573 585,572 586,572 586,572 587,571 588,571 588,571 589,570 590,570 591,570 591,570 592,569 593,569 593,569 594,568 595,568 595,568 596,567 597,567 597,567 598,566 599,566 600,566 600,566 601,565 602,565 602,565 603,564 604,564 604,564 605,563 606,563 606,563 607,562 608,562 609,562 609,562 610,561 611,561 611,561 612,560 613,560 613,560 614,559 615,559 616,559 616,559 617,558 618,558 618,558 619,557 620,557 620,557 621,556 622,556 622,556 623,555 624,555 625,555 625,555 626,554 627,554 627,554 628,553 629,553 629,553 630,552 631,552 632,552 632,552 633,551 634,551 634,551 635,550 636,550 636,550 637,549 638,549 638,549 639,548 640,548 641,548 641,548 642,547 643,547 643,547 644,546 645,546 645,546 646,545 647,545 647,545 648,544 649,544 650,544 650,544 651,543 652,543 652,543 653,542 654,542 654,542 655,541 656,541 657,541 657,541 658,540 659,540 659,540 660,539 661,539 661,539 662,538 663,538 663,538 664,537 665,537 666,537 666,537 667,536 668,536 668,536 669,535 670,535 670,535 671,534 672,534 672,534 673,533 674,533 675,533 675,533 676,532 677,532 677,532 678,531 679,531 680,530 681,530 682,530 683,529 684,529 685,528 685,528 685,527 685,527 684,526 684,525 684,524 684,524 683,523 683,522 683,521 683,520 683,520 682,519 682,518 682,517 682,517 681,516 681,515 681,514 681,513 681,513 680,512 680,511 680,510 680,510 679,509 679,508 679,507 679,506 679,506 678,505 678,504 678,503 678,503 677,502 677,501 677,500 677,499 677,499 676,498 676,497 676,496 676,496 675,495 675,494 675,493 675,492 675,492 674,491 674,490 674,489 674,489 673,488 673,487 673,486 673,485 673,485 672,484 672,483 672,482 672,481 672,481 671,480 671,479 671,478 671,478 670,477 670,476 670,475 670,474 670,474 669,473 669,472 669,471 669,471 668,470 668,469 668,468 668,467 668,467 667,466 667,465 667,464 667,464 666,463 666,462 666,461 666,460 666,460 665,459 665,458 665,457 665,457 664,456 664,455 664,454 664,453 664,453 663,452 663,451 663,450 663,450 662,449 662,448 662,447 662,446 662,446 661,445 661,444 661,443 661,443 660,442 660,441 660,440 660,439 660,439 659,438 659,437 659,436 659,436 658,435 658,434 658,433 658,433 657,433 657,433 656,434 655,434 655,434 654,435 653,435 653,435 652,436 651,436 651,436 650,437 649,437 649,437 648,438 647,438 647,438 646,439 645,439 645,439 644,440 643,440 643,440 642,441 641,441 641,441 640,442 639,442 639,442 638,443 637,443 637,443 636,444 636,444 635,445 634,445 634,445 633,446 632,446 632,446 631,447 630,447 630,447 629,448 628,448 628,448 627,449 626,449 626,449 625,450 624,450 624,450 623,451 622,451 622,451 621,452 620,452 620,452 619,453 618,453 618,453 617,454 616,454 616,454 615,455 615,455 614,456 613,456 613,456 612,457 611,457 611,457 610,458 609,458 609,458 608,459 607,459 607,459 606,460 605,460 605,460 604,461 603,461 603,461 602,462 601,462 601,462 600,463 599,463 599,463 598,464 597,464 597,464 596,465 595,465 595,465 594,466 593,466 593,466 592,467 592,467 591,468 590,468 590,468 589,469 588,469 588,469 587,470 586,470 586,470 585,471 584,471 584,471 583,472 582,472 582,472 581,473 580,473 580,473 579,474 578,474 578,474 577,475 576,475 576,475 575,476 574,476 574,476 573,477 572,477 572,477 571,478 571,478 570,479 569,479 569,479 568,480 567,480 567,480 566,481 565,481 565,481 564,482 563,482 563,482 562,483 561,483 561,483 560,484 559,484 559,484 558,485 557,485 557,485 556,486 555,486 555,486 554,487 553,487 553,487 552,488 551,488 551,488 550,489 549,489 549,489 548,490 548,490 547,491 546,491 546,491 545,492 544,492 544,492 544,492 545,493 545,494 545,494 546,495 546,496 546,497 546,497 547,498 547,499 547,499 548,500 548,501 548,501 549,502 549,503 549,503 550,504 "
      id = "55" />
<path  style="fill:none;stroke:#000000;stroke-width:2;stroke-opacity:1"
       d="M 679,531 682,530 679,531 "
      id = "56" />
<path  style="fill:none;stroke:#000000;stroke-width:2;stroke-opacity:1"
       d="M 218,520 218,519 218,519 219,518 219,517 219,516 219,515 219,514 219,513 219,513 220,512 220,511 220,510 220,509 220,508 220,507 220,507 221,506 221,505 221,504 221,503 221,502 221,501 221,501 222,500 222,499 222,498 222,497 222,496 222,495 222,495 223,495 224,495 224,495 225,496 226,496 227,496 227,496 228,497 229,497 230,497 230,497 231,498 232,498 233,498 233,498 234,499 235,499 236,499 236,499 237,500 238,500 239,500 239,500 240,501 241,501 242,501 242,501 243,502 244,502 245,502 245,502 246,503 247,503 248,503 248,503 249,504 250,504 251,504 252,504 252,504 253,505 254,505 255,505 255,505 256,506 257,506 258,506 258,506 259,507 260,507 261,507 261,507 262,508 263,508 264,508 264,508 264,509 264,510 264,511 264,512 264,513 264,513 263,514 263,515 263,516 263,517 263,518 263,518 262,519 262,520 262,521 262,522 262,523 262,523 261,524 261,525 261,526 261,527 261,527 260,528 260,529 260,530 260,531 260,532 260,532 259,533 259,534 259,535 259,536 259,537 259,537 258,538 258,539 258,540 258,541 258,542 258,542 257,543 257,544 257,545 257,546 257,546 256,546 256,546 255,545 254,545 253,545 252,545 252,545 251,544 250,544 249,544 249,544 248,543 247,543 246,543 246,543 245,542 244,542 243,542 243,542 242,541 241,541 240,541 239,541 239,541 238,540 237,540 236,540 236,540 235,539 234,539 233,539 233,539 232,538 231,538 230,538 230,538 229,537 228,537 227,537 226,537 226,537 225,536 224,536 223,536 223,536 222,535 221,535 220,535 220,535 219,534 218,534 217,534 217,534 216,533 216,533 216,532 216,531 216,530 216,530 217,529 217,528 217,527 217,526 217,525 217,524 217,524 218,523 218,522 218,520 "
      id = "61" />
<path  style="fill:none;stroke:#000000;stroke-width:2;stroke-opacity:1"
       d="M 263,523 263,522 263,521 263,520 263,519 263,519 264,518 264,517 264,516 264,515 264,514 264,514 265,513 265,512 265,511 265,510 265,509 265,509 266,508 266,508 267,508 268,507 268,507 269,507 270,507 271,506 271,506 272,506 273,505 273,505 274,505 275,504 275,504 276,504 277,504 278,504 278,503 278,503 278,503 278,505 278,506 278,507 278,507 277,508 277,509 277,510 277,511 277,511 276,512 276,513 276,514 276,515 276,516 276,516 275,517 275,518 275,519 275,520 275,521 275,521 274,522 274,523 274,524 274,525 274,525 273,526 273,527 273,528 273,529 273,530 273,530 272,531 272,532 272,533 272,534 272,534 271,535 271,536 271,537 271,537 270,537 269,538 269,538 268,539 268,539 267,539 266,540 266,540 265,541 265,541 264,541 263,542 263,542 262,543 262,543 261,543 260,544 260,544 259,545 259,545 258,545 258,545 258,544 258,543 258,543 259,542 259,541 259,540 259,539 259,538 259,538 260,537 260,536 260,535 260,534 260,533 260,533 261,532 261,531 261,530 261,529 261,528 261,528 262,527 262,526 262,525 262,524 263,523 "
      id = "62" />
<path  style="fill:none;stroke:#000000;stroke-width:2;stroke-opacity:1"
       d="M 530,516 530,515 530,514 530,513 530,512 530,511 530,510 530,509 530,508 530,507 530,507 531,506 531,506 532,505 532,505 533,505 534,505 534,504 534,504 534,504 534,506 534,507 534,508 534,509 534,510 534,511 534,512 534,513 534,514 534,515 534,516 534,517 534,518 534,519 534,520 534,521 534,522 534,523 534,524 534,525 534,525 533,526 533,526 532,527 532,527 531,528 531,528 530,528 530,529 530,529 530,529 530,527 530,526 530,525 530,524 530,523 530,522 530,521 530,520 530,519 530,518 530,516 "
      id = "64" />
<path  style="fill:none;stroke:#000000;stroke-width:2;stroke-opacity:1"
       d="M 507,518 507,517 507,516 507,515 507,514 507,513 507,512 507,511 507,510 507,509 507,508 507,507 507,507 508,507 509,507 510,507 511,507 512,507 513,507 514,507 515,507 516,507 517,507 518,507 519,507 520,507 521,507 522,507 523,507 524,507 525,507 526,507 527,507 528,507 529,507 529,507 529,508 529,509 529,510 529,511 529,512 529,513 529,514 529,515 529,516 529,517 529,518 529,519 529,520 529,521 529,522 529,523 529,524 529,525 529,526 529,527 529,528 529,529 529,530 529,530 529,530 528,529 527,529 526,529 525,529 524,529 523,529 522,529 521,529 520,529 519,529 518,529 517,529 516,529 515,529 514,529 513,529 512,529 511,529 510,529 509,529 508,529 507,529 507,529 507,528 507,527 507,526 507,525 507,524 507,523 507,522 507,521 507,520 507,518 "
      id = "65" />
<path  style="fill:none;stroke:#000000;stroke-width:2;stroke-opacity:1"
       d="M 641,584 641,583 641,583 642,582 642,581 642,580 642,579 642,578 642,577 642,576 642,575 642,575 643,574 643,573 643,572 643,571 643,570 643,569 643,568 643,567 643,567 644,566 644,565 644,565 645,565 646,565 647,565 647,565 648,566 649,566 650,566 651,566 652,566 653,566 654,566 655,566 656,566 657,566 658,566 659,566 660,566 660,566 661,567 662,567 663,567 664,567 665,567 666,567 667,567 668,567 669,567 670,567 671,567 672,567 673,567 673,567 674,568 675,568 676,568 677,568 678,568 679,568 680,568 681,568 682,568 683,568 684,568 685,568 686,568 686,568 687,569 688,569 689,569 690,569 691,569 692,569 693,569 694,569 695,569 696,569 696,569 696,570 696,571 696,572 696,572 695,573 695,574 695,575 695,576 695,577 695,578 695,579 695,579 694,580 694,581 694,582 694,583 694,584 694,585 694,586 694,587 694,587 693,588 693,589 693,590 693,591 693,592 693,593 693,594 693,595 693,595 692,595 691,595 690,595 689,595 688,595 687,595 686,595 685,595 684,595 683,595 682,595 681,595 680,595 679,595 678,595 677,595 676,595 675,595 674,595 673,595 672,595 671,595 670,595 669,595 668,595 667,595 666,595 665,596 665,596 664,596 663,596 662,596 661,596 660,597 660,597 659,597 658,597 657,597 656,597 655,598 655,598 654,598 653,598 652,598 651,599 651,600 651,601 651,602 651,603 651,604 651,605 651,606 651,607 651,608 651,609 651,609 650,609 649,609 648,609 647,609 647,609 646,608 645,608 644,608 643,608 642,608 641,608 640,608 640,608 639,607 639,607 639,606 639,605 639,604 639,603 639,602 639,601 639,600 639,599 639,599 640,598 640,597 640,596 640,595 640,594 640,593 640,592 640,591 640,591 641,590 641,589 641,588 641,587 641,586 641,584 "
      id = "66" />
<path  style="fill:none;stroke:#000000;stroke-width:2;stroke-opacity:1"
       d="M 652,616 652,615 652,614 652,613 652,612 652,611 652,610 652,609 652,608 652,607 652,606 652,605 652,604 652,603 652,602 652,601 652,600 652,599 652,599 653,599 654,599 655,599 656,598 656,598 657,598 658,598 659,598 660,598 661,597 661,597 662,597 663,597 664,597 665,597 666,596 666,596 667,596 667,596 667,597 667,598 667,599 667,600 667,601 667,602 667,603 667,604 667,605 667,606 667,607 667,608 667,609 667,610 667,611 667,612 667,613 667,614 668,615 668,615 668,616 668,617 668,618 668,618 667,619 667,620 667,620 666,621 666,622 666,622 665,623 665,624 665,624 664,625 664,626 664,626 663,627 663,628 663,628 662,629 662,630 662,630 661,631 661,632 661,632 660,633 660,634 660,634 659,635 659,636 659,636 658,636 658,636 657,635 656,635 656,635 655,634 654,634 653,634 653,634 653,633 653,632 653,631 653,630 653,629 653,628 653,627 653,626 653,625 653,624 653,623 652,622 652,622 652,621 652,620 652,619 652,618 652,617 652,616 "
      id = "67" />
<path  style="fill:none;stroke:#000000;stroke-width:2;stroke-opacity:1"
       d="M 705,645 705,644 705,644 706,643 706,642 706,642 707,641 707,640 707,640 708,639 708,638 708,638 709,637 709,636 709,636 710,635 710,634 710,634 711,633 711,632 711,632 712,631 712,630 712,630 713,629 713,628 713,628 714,627 714,626 713,625 713,625 712,624 711,624 711,624 710,623 709,623 708,623 708,623 707,622 706,622 706,622 705,621 704,621 703,621 703,621 702,620 701,620 701,620 700,619 699,619 698,619 698,619 697,618 696,618 695,618 695,618 694,617 693,617 693,617 692,616 691,616 690,616 690,616 689,615 688,615 688,615 687,614 686,614 685,614 685,614 684,613 683,613 682,613 682,613 681,612 680,612 679,612 679,612 678,611 677,611 676,611 676,611 675,610 674,610 673,610 672,610 671,611 671,612 671,612 670,613 670,614 670,614 669,615 669,615 668,614 668,614 668,613 668,612 668,611 668,610 668,609 668,608 668,607 668,606 668,605 668,604 668,603 668,602 668,601 668,600 668,599 668,598 668,597 668,596 668,596 669,596 670,596 671,596 672,596 673,596 674,596 675,596 676,596 677,596 678,596 679,596 680,596 681,596 682,596 683,596 684,596 685,596 686,596 687,596 688,596 689,596 690,596 691,596 692,596 693,596 694,596 695,596 696,596 697,596 698,596 699,596 700,596 701,596 702,596 703,596 704,596 705,596 706,596 707,596 708,596 709,596 710,596 711,596 712,596 713,596 714,596 715,596 716,596 717,596 718,596 719,596 720,596 721,596 722,596 723,596 724,596 725,596 726,596 727,596 728,596 729,596 730,596 731,596 732,596 733,596 734,596 735,596 736,596 737,596 738,596 739,596 740,596 741,596 742,596 743,596 744,596 745,596 746,596 747,596 748,596 749,596 750,596 751,596 752,596 753,596 754,596 755,596 756,596 757,596 758,596 759,596 760,596 761,596 762,596 763,596 764,596 765,596 766,596 767,596 768,596 769,596 770,596 771,596 772,596 773,596 774,596 775,596 776,596 777,596 778,596 779,596 780,596 781,596 782,596 783,596 784,596 785,596 786,596 787,596 788,596 789,596 790,596 791,596 792,596 792,596 792,597 792,598 793,599 793,599 793,600 793,601 793,602 793,603 793,604 793,605 793,606 793,607 793,608 793,609 793,610 793,611 793,612 794,613 794,613 794,614 794,615 794,616 794,617 794,618 794,619 794,620 794,621 794,622 794,623 794,624 794,625 794,626 795,627 795,627 795,628 795,629 795,630 795,631 795,632 795,633 795,634 795,635 795,636 795,637 795,638 795,639 795,640 796,641 796,641 796,642 796,643 796,644 796,645 796,646 796,647 796,648 796,649 796,650 796,651 796,652 796,653 796,654 797,655 797,655 797,656 797,657 797,658 797,659 797,660 797,661 797,662 797,663 797,664 797,665 797,666 797,667 797,668 798,669 798,669 798,670 798,671 798,672 798,673 798,674 798,675 798,676 798,677 798,678 798,679 798,680 798,681 798,682 799,683 799,683 799,684 799,685 799,686 799,687 799,688 799,689 799,690 799,691 799,692 799,693 799,694 799,695 799,696 800,697 800,698 800,699 800,700 800,701 800,702 800,703 800,704 800,705 800,706 800,706 799,706 798,706 797,706 796,706 795,706 794,706 794,706 793,705 792,705 791,705 790,705 789,705 788,705 787,705 786,705 785,705 784,705 783,705 783,705 782,704 781,704 780,704 779,704 778,704 777,704 776,704 775,704 774,704 773,704 772,704 772,704 771,703 770,703 769,703 768,703 767,703 766,703 765,703 764,703 763,703 762,703 761,703 761,703 760,702 759,702 758,702 757,702 756,702 755,702 754,702 753,702 752,702 751,702 750,702 750,702 749,701 748,701 747,701 746,701 745,701 744,701 743,701 742,701 741,701 740,701 739,701 738,701 738,701 737,700 736,700 735,700 734,700 733,700 732,700 731,700 730,700 729,700 728,700 727,700 727,700 726,699 725,699 724,699 723,699 722,699 721,699 720,699 719,699 718,699 717,699 716,699 716,699 715,698 714,698 713,698 712,698 711,698 710,698 709,698 708,698 707,698 706,698 705,698 705,698 704,697 703,697 703,697 703,697 704,696 704,696 705,695 705,695 706,694 706,694 707,693 707,692 707,692 708,691 708,691 709,690 709,690 710,689 710,689 711,688 711,688 712,687 712,687 713,686 713,686 714,685 714,685 715,684 715,684 716,683 716,683 717,682 717,682 718,681 718,681 719,680 719,680 720,679 720,678 719,677 719,677 718,676 718,676 717,675 716,675 716,675 715,674 715,674 714,673 714,673 713,672 713,672 712,671 712,671 711,670 711,670 710,669 710,669 709,668 709,668 708,667 708,667 707,666 707,666 706,665 706,665 705,664 705,664 704,663 704,663 703,662 703,662 702,661 702,661 701,660 700,660 700,660 699,659 699,659 698,658 698,658 697,657 697,657 696,656 696,656 695,655 695,655 694,654 694,654 693,653 693,653 693,652 692,652 692,652 692,651 692,651 691,651 691,651 691,651 694,652 695,652 696,652 697,652 698,652 699,652 700,652 701,651 701,651 702,650 702,650 703,649 703,648 703,648 704,647 704,646 704,646 705,645 "
      id = "68" />
<path  style="fill:none;stroke:#000000;stroke-width:2;stroke-opacity:1"
       d="M 663,630 663,629 663,629 664,628 664,627 664,627 665,626 665,625 665,625 666,624 666,623 666,623 667,622 667,621 667,621 668,620 668,619 668,619 669,618 669,617 669,617 670,616 670,615 670,615 671,614 671,613 671,613 672,612 672,611 672,611 673,611 674,611 674,611 675,612 676,612 677,612 677,612 678,613 679,613 679,613 680,614 681,614 682,614 682,614 683,615 684,615 684,615 685,616 686,616 687,616 687,616 688,617 689,617 689,617 690,618 691,618 692,618 692,618 693,619 694,619 695,619 695,619 696,620 697,620 697,620 698,621 699,621 700,621 700,621 701,622 702,622 702,622 703,623 704,623 704,623 704,624 704,624 703,625 703,626 703,626 702,627 702,628 702,628 701,629 701,630 701,630 700,631 700,632 700,632 699,633 699,634 699,634 698,635 698,636 698,636 697,637 697,638 697,638 696,639 696,640 696,640 695,641 695,642 695,642 694,643 694,644 694,644 693,645 693,646 693,646 692,647 692,647 691,648 691,649 691,649 690,650 690,650 689,650 689,650 688,649 687,649 687,649 686,648 685,648 685,648 684,647 683,647 683,647 682,646 681,646 681,646 680,645 679,645 678,645 678,645 677,644 676,644 676,644 675,643 674,643 674,643 673,642 672,642 672,642 671,641 670,641 670,641 669,640 668,640 667,640 667,640 666,639 665,639 665,639 664,638 663,638 663,638 662,637 661,637 661,637 660,636 660,636 660,635 660,635 661,634 661,633 661,633 662,632 662,631 663,630 "
      id = "70" />
<path  style="fill:none;stroke:#000000;stroke-width:2;stroke-opacity:1"
       d="M 283,678 283,677 283,677 284,676 284,675 284,675 285,674 285,674 286,674 287,673 287,673 288,672 288,672 289,672 290,671 290,671 291,670 291,670 292,670 293,669 293,669 294,669 295,668 295,668 296,668 296,667 296,667 297,667 297,667 297,667 296,669 296,670 296,670 295,671 295,672 295,673 295,673 294,674 294,675 294,676 294,676 293,677 293,678 293,679 293,679 292,680 292,681 292,682 292,682 291,683 291,683 290,683 289,684 289,684 288,685 288,685 287,686 287,686 286,686 285,687 285,687 284,688 284,688 283,688 282,689 282,689 281,690 281,690 280,691 280,691 279,691 279,691 279,690 279,690 280,689 280,688 280,687 280,687 281,686 281,685 281,684 281,684 282,683 282,682 282,681 282,680 282,680 283,678 "
      id = "80" />
<path  style="fill:none;stroke:#000000;stroke-width:2;stroke-opacity:1"
       d="M 492,746 492,745 492,744 492,744 493,743 493,742 493,741 493,741 494,740 494,739 494,739 495,738 495,737 495,736 495,736 495,736 496,737 497,736 497,736 498,735 498,735 499,734 499,733 499,733 500,732 500,732 501,731 501,730 501,730 502,729 502,729 503,728 503,728 504,727 504,726 504,726 505,725 505,725 506,724 506,723 506,723 507,722 507,722 508,721 507,720 506,720 505,720 504,720 503,720 502,720 501,720 501,720 501,719 501,719 502,718 502,717 502,716 502,716 503,715 503,714 503,713 503,713 504,712 504,711 504,710 504,710 505,709 505,708 505,707 505,707 506,706 506,705 506,704 506,704 507,703 507,702 507,702 508,701 508,700 508,699 508,699 509,698 509,697 509,696 509,696 510,695 510,694 510,693 510,693 511,692 511,691 511,690 511,690 512,689 512,688 512,687 512,687 513,686 513,685 513,685 514,684 514,683 514,682 514,682 515,681 515,680 515,679 515,679 516,678 516,677 516,676 516,676 517,676 518,676 519,676 519,676 520,677 521,677 522,677 523,677 523,677 524,678 525,678 526,678 527,678 527,678 528,679 529,679 530,679 531,679 531,679 532,680 533,680 534,680 535,680 535,680 536,681 537,681 538,681 539,681 539,681 540,682 541,682 542,682 543,682 543,682 544,683 545,683 546,683 547,683 547,683 548,684 549,684 550,684 551,684 551,684 552,685 553,685 554,685 555,685 555,685 556,686 557,686 558,686 559,686 559,686 560,687 561,687 562,687 563,687 563,687 564,688 565,688 566,688 567,688 567,688 568,689 569,689 570,689 571,689 571,689 572,690 573,690 574,690 575,690 575,690 576,691 577,691 578,691 579,691 579,691 580,692 581,692 582,692 583,692 583,692 584,693 585,693 586,693 587,693 587,693 588,694 589,694 590,694 591,694 591,694 592,695 593,695 594,695 594,695 595,696 596,696 597,696 598,696 598,696 599,697 600,697 601,697 602,697 602,697 603,698 604,698 605,698 606,698 606,698 607,699 608,699 609,699 609,699 609,700 610,701 610,701 610,702 610,703 611,704 611,704 611,705 612,706 612,706 612,707 612,708 613,709 613,709 613,710 613,711 614,712 614,712 614,713 614,714 615,715 615,715 615,716 615,717 616,718 616,718 616,719 617,720 617,720 617,721 617,722 618,723 618,723 618,724 618,725 619,726 619,726 619,727 619,728 620,729 620,729 620,730 620,731 621,732 621,732 621,733 621,734 621,735 621,736 621,736 620,737 620,738 620,739 620,740 620,741 620,741 619,742 619,743 619,744 619,745 619,746 619,746 618,747 618,748 618,749 618,750 618,751 618,751 617,752 617,753 617,754 617,755 617,756 617,756 616,757 616,758 616,759 616,760 616,761 616,762 616,762 615,763 615,764 615,765 615,766 615,767 615,767 614,768 614,769 614,770 614,771 614,772 614,772 613,773 613,774 613,775 613,776 613,777 613,777 612,778 612,779 612,780 612,781 612,782 612,782 611,783 611,784 611,785 611,786 611,787 611,787 610,788 610,789 610,790 610,791 610,792 610,792 609,793 609,794 609,795 609,796 609,797 609,797 608,798 608,799 608,800 608,801 608,802 608,802 607,803 607,804 607,805 607,806 607,807 607,808 607,808 606,809 606,810 606,811 606,812 606,813 606,813 605,814 605,815 605,816 605,817 605,818 605,818 604,819 604,820 604,821 604,822 604,823 604,823 603,824 603,825 603,826 603,826 603,826 603,825 602,824 602,824 601,823 601,823 600,822 600,822 599,821 599,821 598,820 598,820 597,819 597,819 597,818 596,817 596,817 595,816 595,816 594,815 594,815 593,814 593,814 592,813 592,813 591,812 591,812 591,811 590,810 590,810 589,809 589,809 588,808 588,808 587,807 587,807 586,806 586,806 585,805 584,805 584,805 583,804 582,804 581,804 581,804 580,803 579,803 579,803 578,802 577,802 577,802 576,801 575,801 575,801 574,800 573,800 572,800 572,800 571,799 570,799 570,799 569,798 568,798 568,798 567,797 566,797 565,797 565,797 564,796 563,796 563,796 562,795 561,795 561,795 560,794 559,794 558,794 558,794 557,793 556,793 556,793 555,792 554,792 554,792 553,791 552,791 551,791 551,791 550,790 549,790 549,790 548,789 547,789 547,789 546,788 545,788 545,788 544,787 543,787 542,787 542,787 541,786 540,786 540,786 539,785 538,785 538,785 537,784 536,784 535,784 535,784 534,783 533,783 533,783 532,782 531,782 531,782 530,781 529,781 528,781 528,781 527,780 526,780 526,780 525,779 524,779 524,779 523,778 522,778 521,778 521,778 520,777 519,777 519,777 518,776 517,776 517,776 516,775 515,775 514,775 514,775 513,774 512,774 512,774 511,773 510,773 510,773 509,772 508,772 508,772 507,771 506,771 505,771 505,771 504,770 503,770 503,770 502,769 501,769 501,769 500,768 499,768 498,768 498,768 497,767 496,767 496,767 495,766 494,766 494,766 493,765 492,765 491,765 491,765 490,764 489,764 489,764 488,763 487,763 487,763 486,762 486,762 486,761 486,761 487,760 487,759 487,758 487,758 488,757 488,756 488,756 489,755 489,754 489,753 489,753 490,752 490,751 490,750 490,750 491,749 491,748 491,747 492,746 "
      id = "81" />
<path  style="fill:none;stroke:#000000;stroke-width:2;stroke-opacity:1"
       d="M 500,730 500,731 500,731 499,732 499,732 498,733 498,734 498,734 497,735 497,735 496,735 496,735 496,734 496,733 496,733 497,732 497,732 498,731 498,731 499,730 500,730 "
      id = "85" />
<path  style="fill:none;stroke:#000000;stroke-width:2;stroke-opacity:1"
       d="M 583,817 585,818 587,819 589,820 592,821 594,822 596,823 "
      id = "87" />
<path  style="fill:none;stroke:#000000;stroke-width:2;stroke-opacity:1"
       d="M 508,827 508,828 508,828 509,829 509,830 509,831 509,831 510,832 510,833 510,833 511,834 511,835 511,836 511,836 512,837 512,838 512,838 513,839 513,840 513,840 514,841 514,842 514,843 514,843 515,844 515,845 515,845 516,846 516,847 516,848 516,848 517,849 517,850 517,850 518,851 518,852 518,852 519,853 519,854 519,855 519,855 520,856 520,857 520,857 521,858 521,859 521,860 521,860 522,861 522,862 522,862 523,863 523,864 523,864 524,865 524,866 524,867 524,867 525,868 525,869 525,869 526,870 526,870 527,870 527,870 528,869 529,869 529,869 530,868 531,868 531,868 532,867 533,867 533,867 534,866 535,866 535,866 536,865 537,865 537,865 538,864 539,864 539,864 540,863 541,863 541,863 542,862 543,862 543,862 544,861 545,861 545,861 546,860 547,860 547,860 548,859 549,859 549,859 550,858 551,858 551,858 552,857 553,857 553,857 554,856 555,856 555,856 556,855 557,855 557,855 558,854 559,854 559,854 560,853 561,853 561,853 562,852 563,852 563,852 564,851 565,851 565,851 566,850 567,850 567,850 568,849 569,849 569,849 570,848 571,848 571,848 572,847 573,847 573,847 574,846 575,846 575,846 576,845 577,845 577,845 578,844 579,844 579,844 580,843 580,843 580,842 580,842 579,841 579,841 578,840 578,839 578,839 577,838 577,837 577,837 576,836 576,835 576,835 575,834 575,833 575,833 574,832 574,831 574,831 573,830 573,829 573,829 572,828 572,827 572,827 571,826 571,825 571,825 570,824 570,823 570,823 569,822 569,821 569,821 568,820 568,819 568,819 567,818 567,817 567,817 566,816 566,815 566,815 565,814 565,813 565,813 564,812 564,811 564,811 563,810 563,810 562,809 562,808 562,808 561,808 560,807 560,807 559,807 558,807 557,806 557,806 556,806 555,805 555,805 554,805 553,804 553,804 552,804 551,803 551,803 550,803 549,802 549,802 548,802 547,802 546,801 546,801 545,801 544,800 544,800 543,800 542,799 542,799 541,799 540,798 540,798 539,798 538,797 538,797 537,797 536,797 535,796 535,796 534,796 533,795 533,795 532,795 531,794 531,794 530,794 529,793 529,793 528,793 527,792 527,792 526,792 525,792 524,791 524,791 523,791 522,790 522,790 521,790 520,789 520,789 519,789 518,788 518,788 517,788 516,788 515,787 515,787 515,787 514,788 513,788 513,788 512,789 511,789 511,789 510,790 510,790 509,791 508,791 508,791 507,792 507,792 506,793 505,793 505,793 504,794 503,794 503,794 502,795 502,795 501,796 500,796 500,796 499,797 498,797 498,797 497,798 497,798 496,799 496,799 496,799 497,800 497,801 497,802 497,802 498,803 498,804 498,804 499,805 499,806 499,807 499,807 500,808 500,809 500,809 501,810 501,811 501,812 501,812 502,813 502,814 502,814 503,815 503,816 503,816 504,817 504,818 504,819 504,819 505,820 505,821 505,821 506,822 506,823 506,824 506,824 507,825 507,826 508,827 "
      id = "90" />
<path  style="fill:none;stroke:#000000;stroke-width:2;stroke-opacity:1"
       d="M 572,825 572,826 572,826 573,827 573,828 573,828 574,829 574,830 574,830 575,831 575,832 575,832 576,833 576,834 576,834 577,835 577,836 577,836 578,837 578,838 578,838 579,839 579,840 579,840 580,841 580,841 581,842 581,843 581,843 582,843 582,843 583,842 584,842 584,842 585,841 586,841 586,841 587,840 588,840 588,840 589,839 590,839 590,839 591,838 592,838 593,838 593,838 594,837 595,837 595,837 596,836 597,836 597,836 598,835 599,835 599,835 600,834 601,834 602,834 602,834 603,833 604,833 604,833 604,833 603,832 603,831 603,831 602,830 602,829 602,829 601,828 601,827 601,827 600,826 600,826 599,825 599,825 598,825 597,824 597,824 596,824 595,823 595,823 594,823 593,822 593,822 592,822 591,821 591,821 590,821 589,821 588,820 588,820 587,820 586,819 586,819 585,819 584,818 584,818 583,818 582,817 582,817 581,817 580,816 580,816 579,816 578,816 577,815 577,815 576,815 575,814 575,814 574,814 573,813 573,813 572,813 571,812 571,812 570,812 569,812 568,811 568,811 567,811 566,810 566,810 565,810 564,810 564,810 564,809 564,809 563,809 563,809 563,809 565,811 565,812 565,812 566,813 566,814 566,814 567,815 567,816 567,816 568,817 568,818 568,818 569,819 569,820 569,820 570,821 570,822 570,822 571,823 571,824 572,825 "
      id = "91" />
<path  style="fill:none;stroke:#000000;stroke-width:2;stroke-opacity:1"
       d="M 354,960 354,959 354,958 354,957 354,956 354,956 355,955 355,954 355,953 355,952 355,951 355,951 356,950 356,949 356,948 356,947 356,946 356,945 356,945 357,944 357,943 357,942 357,941 357,940 357,940 358,939 358,938 358,937 358,936 358,935 358,934 358,934 359,933 359,932 359,931 359,930 359,929 359,929 360,928 360,927 360,926 360,925 360,924 360,923 360,923 361,922 361,921 361,920 361,920 362,920 363,920 364,920 365,920 366,920 367,920 368,920 369,920 370,920 371,920 371,920 372,921 373,921 374,921 375,921 376,921 377,921 378,921 379,921 380,921 381,921 382,921 383,921 384,921 385,921 386,921 387,921 388,921 389,921 390,921 391,921 392,921 393,921 394,921 395,921 396,921 397,921 397,921 398,922 399,922 400,922 401,922 402,922 403,922 404,922 405,922 406,922 407,922 408,922 409,922 410,922 411,922 412,922 413,922 414,922 415,922 416,922 417,922 418,922 418,922 418,923 418,924 418,925 418,926 418,927 418,928 418,929 418,929 417,930 417,931 417,932 417,933 417,934 417,935 417,936 417,937 417,938 417,939 417,940 417,941 417,942 417,943 417,944 417,945 417,946 417,947 417,947 416,948 416,949 416,950 416,951 416,952 416,953 416,954 416,955 416,956 416,957 416,958 416,959 416,960 416,961 416,962 416,963 416,964 416,964 415,965 415,966 415,967 415,968 415,969 415,970 415,971 415,972 415,973 415,974 415,975 415,976 415,977 415,978 415,979 415,980 415,981 415,982 415,982 414,983 414,984 414,985 414,986 414,987 414,988 414,989 414,990 414,991 414,992 414,993 414,994 414,995 414,996 414,997 414,998 414,999 414,999 413,1000 413,1001 413,1002 413,1003 413,1003 412,1003 411,1003 410,1003 409,1003 408,1003 407,1003 406,1003 405,1003 404,1003 403,1003 402,1003 401,1003 400,1003 399,1003 399,1003 399,1002 399,1001 399,1001 400,1000 400,999 399,998 398,998 397,998 397,998 396,997 395,997 395,997 394,996 393,996 392,996 392,996 391,995 390,995 389,995 389,995 388,994 387,994 386,994 386,994 385,993 384,993 383,993 383,993 382,992 381,992 380,992 380,992 379,991 378,991 377,991 377,991 376,990 375,990 375,990 374,989 373,989 372,989 372,989 371,988 370,988 369,988 369,988 368,987 367,987 366,987 366,987 365,986 364,986 363,986 363,986 362,985 361,985 360,985 360,985 359,984 358,984 357,984 357,984 356,983 355,983 355,983 354,982 353,982 352,982 352,982 351,981 350,981 350,981 350,980 350,979 350,978 350,978 351,977 351,976 351,975 351,974 351,973 351,973 352,972 352,971 352,970 352,969 352,968 352,967 352,967 353,966 353,965 353,964 353,963 353,962 353,962 354,960 "
      id = "94" />
<path  style="fill:none;stroke:#000000;stroke-width:2;stroke-opacity:1"
       d="M 415,984 415,983 415,983 416,982 416,981 416,980 416,979 416,978 416,977 416,976 416,975 416,974 416,973 416,972 416,971 416,970 416,969 416,968 416,967 416,966 416,965 416,965 417,964 417,963 417,962 417,961 417,960 417,959 417,958 417,957 417,956 417,955 417,954 417,953 417,952 417,951 417,950 417,949 417,948 417,948 418,947 418,946 418,945 418,944 418,943 418,943 418,942 418,942 418,941 418,941 418,940 418,940 418,939 418,939 418,938 418,938 418,937 418,937 418,936 418,936 418,935 418,935 418,934 418,933 418,932 418,931 418,930 418,930 418,930 418,931 418,932 418,933 418,934 "
      id = "95" />
<path  style="fill:none;stroke:#000000;stroke-width:2;stroke-opacity:1"
       d="M 327,1029 327,1028 327,1027 327,1027 328,1026 328,1025 328,1024 328,1024 329,1023 329,1022 329,1021 329,1021 330,1020 330,1019 330,1019 331,1018 331,1017 331,1016 331,1016 332,1015 332,1014 332,1013 332,1013 333,1012 333,1011 333,1010 333,1010 334,1009 334,1008 334,1007 334,1007 335,1006 335,1005 335,1005 336,1004 336,1003 336,1002 336,1002 337,1001 337,1000 337,999 337,999 338,998 338,997 338,996 338,996 339,995 339,994 339,994 340,993 340,992 340,991 340,991 341,990 341,989 341,988 341,988 342,987 342,986 342,985 342,985 343,984 343,983 343,982 343,982 344,981 344,980 344,980 345,980 345,980 346,981 347,981 348,981 348,981 349,982 350,982 351,982 351,982 352,983 353,983 354,983 354,983 355,984 356,984 356,984 357,985 358,985 359,985 359,985 360,986 361,986 362,986 362,986 363,987 364,987 365,987 365,987 366,988 367,988 368,988 368,988 369,989 370,989 371,989 371,989 372,990 373,990 374,990 374,990 375,991 376,991 376,991 377,992 378,992 379,992 379,992 380,993 381,993 382,993 382,993 383,994 384,994 385,994 385,994 386,995 387,995 388,995 388,995 389,996 390,996 391,996 391,996 392,997 393,997 394,997 394,997 395,998 396,998 396,998 397,999 398,999 399,999 399,999 399,999 398,1000 398,1001 398,1002 398,1003 398,1004 398,1004 397,1005 397,1006 397,1007 397,1008 397,1009 397,1009 396,1010 396,1011 396,1012 396,1013 396,1013 395,1014 395,1015 395,1016 395,1017 395,1018 395,1018 394,1019 394,1020 394,1021 394,1022 394,1023 394,1023 393,1024 393,1025 393,1026 393,1027 393,1027 392,1028 392,1029 392,1030 392,1031 392,1032 392,1032 391,1033 391,1034 391,1035 391,1036 391,1036 390,1037 390,1038 390,1039 390,1040 390,1041 390,1041 389,1042 389,1043 389,1044 389,1045 389,1046 389,1046 388,1047 388,1048 388,1049 388,1050 388,1050 387,1051 387,1052 387,1053 387,1054 387,1055 387,1055 386,1056 386,1057 386,1058 386,1059 386,1060 386,1060 385,1061 385,1062 385,1063 385,1064 385,1064 384,1065 384,1066 384,1067 384,1068 384,1069 384,1069 383,1070 383,1071 383,1072 383,1073 383,1074 383,1074 382,1075 382,1076 382,1077 382,1078 382,1078 381,1078 381,1078 380,1077 379,1077 378,1077 378,1077 377,1076 376,1076 375,1076 375,1076 374,1075 373,1075 373,1075 372,1074 371,1074 370,1074 370,1074 369,1073 368,1073 368,1073 367,1072 366,1072 365,1072 365,1072 364,1071 363,1071 363,1071 362,1070 361,1070 360,1070 360,1070 359,1069 358,1069 357,1069 357,1069 356,1068 355,1068 355,1068 354,1067 353,1067 352,1067 352,1067 351,1066 350,1066 350,1066 349,1065 348,1065 347,1065 347,1065 346,1064 345,1064 344,1064 344,1064 343,1063 342,1063 342,1063 341,1062 340,1062 339,1062 339,1062 338,1061 337,1061 337,1061 336,1060 335,1060 334,1060 334,1060 333,1059 332,1059 332,1059 331,1058 330,1058 329,1058 329,1058 328,1057 327,1057 326,1057 326,1057 325,1056 324,1056 324,1056 323,1055 322,1055 321,1055 321,1055 320,1054 319,1054 319,1054 318,1053 318,1053 318,1052 318,1052 319,1051 319,1050 319,1049 319,1049 320,1048 320,1047 320,1046 320,1046 321,1045 321,1044 321,1044 322,1043 322,1042 322,1041 322,1041 323,1040 323,1039 323,1038 323,1038 324,1037 324,1036 324,1035 324,1035 325,1034 325,1033 325,1032 325,1032 326,1031 326,1030 327,1029 "
      id = "97" />
<path  style="fill:none;stroke:#000000;stroke-width:2;stroke-opacity:1"
       d="M 387,1058 387,1057 387,1056 387,1056 388,1055 388,1054 388,1053 388,1052 388,1051 388,1051 389,1050 389,1049 389,1048 389,1047 389,1047 390,1046 390,1045 390,1044 390,1043 390,1042 390,1042 391,1041 391,1040 391,1039 391,1038 391,1037 391,1037 392,1036 392,1035 392,1034 392,1033 392,1033 393,1033 393,1032 393,1032 393,1031 393,1030 393,1029 393,1028 393,1028 394,1028 394,1027 394,1027 394,1026 394,1026 394,1025 394,1025 394,1024 394,1024 395,1024 395,1024 395,1023 395,1023 395,1022 395,1022 395,1021 395,1021 395,1020 395,1020 395,1019 395,1019 395,1019 396,1018 396,1018 396,1018 396,1017 396,1017 396,1016 396,1016 396,1015 396,1015 396,1014 396,1014 396,1014 "
      id = "98" />
<path  style="fill:none;stroke:#000000;stroke-width:2;stroke-opacity:1"
       d="M 394,1029 394,1030 394,1031 394,1031 393,1034 393,1035 393,1036 393,1037 393,1037 392,1038 392,1039 392,1040 392,1041 392,1042 392,1043 392,1043 391,1044 391,1045 391,1046 391,1047 391,1048 391,1049 391,1049 390,1050 390,1051 390,1052 390,1053 390,1054 390,1055 390,1055 389,1056 389,1057 389,1058 389,1059 389,1060 389,1060 388,1061 388,1062 388,1063 388,1064 388,1065 388,1065 387,1066 387,1067 387,1068 387,1069 387,1069 386,1070 386,1071 386,1072 386,1073 386,1074 386,1074 385,1075 385,1076 385,1077 385,1078 385,1079 385,1079 384,1080 384,1081 384,1082 384,1083 384,1084 384,1084 383,1085 383,1086 383,1087 383,1088 383,1088 382,1089 382,1090 382,1091 382,1092 382,1093 382,1093 381,1094 381,1095 381,1096 381,1097 381,1098 381,1098 380,1099 380,1100 380,1101 380,1102 380,1103 380,1103 379,1103 379,1103 379,1102 379,1101 379,1100 379,1099 379,1098 379,1098 380,1097 380,1096 380,1095 380,1094 380,1093 380,1092 380,1092 381,1091 381,1090 381,1089 381,1088 381,1087 381,1086 381,1086 382,1085 382,1084 382,1083 382,1082 382,1081 382,1080 382,1079 382,1079 383,1078 383,1077 383,1076 383,1075 383,1075 384,1074 384,1073 384,1072 384,1071 384,1070 384,1070 385,1069 385,1068 385,1067 385,1066 385,1065 385,1065 386,1064 386,1063 386,1062 386,1061 386,1061 387,1060 "
      id = "99" />
<path  style="fill:none;stroke:#000000;stroke-width:2;stroke-opacity:1"
       d="M 396,1024 396,1023 396,1022 396,1021 396,1020 396,1019 396,1019 397,1018 397,1017 397,1016 397,1015 397,1014 397,1013 397,1013 398,1012 398,1011 398,1010 398,1009 398,1008 398,1007 398,1007 399,1006 399,1005 399,1004 399,1004 400,1004 401,1004 402,1004 403,1004 404,1004 405,1004 406,1004 407,1004 408,1004 409,1004 410,1004 411,1004 412,1004 413,1004 413,1004 413,1005 413,1006 413,1007 413,1008 413,1009 413,1010 414,1011 414,1011 414,1012 414,1013 414,1014 414,1015 414,1016 414,1017 414,1018 414,1019 414,1020 414,1021 414,1022 414,1023 414,1024 414,1025 414,1026 414,1027 414,1028 414,1029 414,1030 414,1031 414,1032 414,1033 414,1034 414,1035 414,1036 414,1037 414,1038 414,1039 415,1040 415,1040 415,1041 415,1042 415,1042 414,1042 413,1042 412,1042 412,1042 411,1041 410,1041 409,1041 408,1041 407,1041 406,1041 405,1041 404,1041 403,1041 402,1041 401,1041 400,1041 399,1041 398,1041 397,1041 396,1041 395,1041 394,1041 393,1041 393,1041 393,1040 393,1039 393,1038 393,1038 394,1037 394,1036 394,1035 394,1034 394,1033 394,1032 394,1032 395,1031 395,1030 395,1029 395,1028 395,1027 395,1026 395,1025 396,1024 "
      id = "100" />
<path  style="fill:none;stroke:#000000;stroke-width:2;stroke-opacity:1"
       d="M 48,48 816,48 816,1104 48,1104 48,48 "
      id = "102" />
</svg>
