<svg
   width="864"
   height = "1152"
   version="1.1"
   id="svg2"
   xmlns="http://www.w3.org/2000/svg"
   xmlns:svg="http://www.w3.org/2000/svg">
  <defs
     id="defs6" />

<path  style="fill:none;stroke:#000000;stroke-width:1;stroke-opacity:1"
       d="M 506.3282,565.9843 517.6767,561.113 529.1097,556.8157 540.5582,553.3846 551.6401,550.6707 562.2738,548.6865 572.3254,547.377 581.8356,546.7495 590.8045,546.6474 599.2496,546.5374 607.1924,546.1817 614.5665,545.6427 621.3329,544.7587 627.5058,543.5352 633.1302,542.1104 638.49,540.5655 643.6735,538.7693 648.7191,536.6328 653.6541,534.1459 658.5537,531.334 663.6578,528.3845 669.0671,525.5099 674.8137,522.77 680.9253,520.0906 687.4537,517.4742 694.5241,514.8547 702.2723,512.2304 710.8023,509.8241 720.1619,507.8806 730.3036,506.4937 741.2798,505.5582 753.165,504.9367 765.8139,504.5265 779.3067,504.5696 792.088,505.3 "
      id = "0" />
<path  style="fill:none;stroke:#000000;stroke-width:1;stroke-opacity:1"
       d="M 506.8489,571.2458 518.2181,567.3824 529.5499,564.1436 540.7896,561.6748 551.5952,559.8917 561.8352,558.7219 571.4971,558.2344 580.6715,558.3328 589.3851,558.8312 597.5699,559.5377 605.2347,560.3138 612.2723,560.8851 618.638,561.0721 624.381,560.8921 629.5843,560.4166 634.393,559.8162 638.9177,559.0792 643.2258,558.1369 647.353,556.9907 651.3707,555.5935 655.2774,553.9219 659.1396,552.0318 663.0456,549.9231 667.0251,547.563 671.1896,545.0118 675.6363,542.3032 680.5012,539.5254 685.8199,536.7065 691.5468,533.9732 697.7758,531.4221 704.6735,528.9935 712.3464,526.7385 720.8995,524.843 730.2785,523.4385 740.4542,522.484 751.5648,521.9063 763.591,521.575 776.601,521.5904 790.5293,522.2607 792.0271,522.3477 "
      id = "1" />
<path  style="fill:none;stroke:#000000;stroke-width:1;stroke-opacity:1"
       d="M 506.9977,576.5309 518.2549,573.7947 529.4351,571.7073 540.4354,570.296 550.9788,569.6047 560.9044,569.5146 570.2342,570.0206 579.0355,571.0502 587.3272,572.5596 594.9574,574.488 601.9043,576.737 608.2349,579.0452 613.8867,581.1497 618.8979,582.9491 623.2416,584.4363 627.0035,585.7033 630.2522,586.7345 633.0722,587.5139 635.5424,588.0864 637.7361,588.4828 639.7111,588.7298 641.5135,588.8558 643.1687,588.8557 644.7068,588.7394 646.1552,588.5172 647.5433,588.2032 648.9135,587.7994 650.2819,587.3096 651.6553,586.7382 653.0323,586.0938 654.423,585.3753 655.8371,584.581 657.2842,583.7086 658.7737,582.7553 660.3129,581.7245 661.9191,580.6135 663.6161,579.4094 665.4164,578.1076 667.3289,576.694 669.3676,575.1608 671.5641,573.4829 673.901,571.6159 676.3506,569.5881 678.9875,567.4512 681.8599,565.2206 685.0864,562.9193 688.7354,560.5616 692.8464,558.126 697.4938,555.6157 702.7184,553.0957 708.5241,550.7023 714.9269,548.5464 722.0916,546.6834 730.0862,545.1793 738.911,544.0413 748.5562,543.3264 759.2788,542.9733 771.1806,543.0785 783.9956,543.5926 792.0788,544.0969 "
      id = "2" />
<path  style="fill:none;stroke:#000000;stroke-width:1;stroke-opacity:1"
       d="M 506.7728,581.8264 517.8876,580.2241 528.9099,579.3416 539.6407,579.1787 549.9556,579.7393 559.6447,580.9493 568.5682,582.662 576.8922,584.9049 584.4828,587.6908 591.4,591.0426 597.6049,594.8625 602.9631,598.9195 607.4727,603.0426 611.2791,607.1333 614.4802,611.1849 617.2,615.1647 619.5153,618.9884 621.4925,622.6679 623.2281,626.2711 624.7706,629.8518 626.2465,633.4147 627.7133,636.9474 629.2162,640.4323 630.7842,643.8886 632.4353,647.3133 634.2448,650.7485 636.2271,654.1588 638.4461,657.4883 640.9457,660.6581 643.7009,663.5665 646.6736,666.2006 649.8588,668.5435 653.2506,670.5427 656.7905,672.1809 660.4624,673.4581 664.2782,674.4097 668.2984,674.9971 672.5801,675.2115 677.2137,675.0448 682.2747,674.4396 687.8321,673.3791 694.0091,671.9066 700.983,670.1192 708.9193,668.0354 718.0945,665.5626 728.7464,662.7222 741.0469,659.7724 755.1274,657.4266 771.199,655.9147 789.1178,655.0657 792.0171,655.0516 "
      id = "3" />
<path  style="fill:none;stroke:#000000;stroke-width:1;stroke-opacity:1"
       d="M 506.1764,587.0799 517.0835,586.6512 527.9655,587.0404 538.4837,588.1793 548.5094,590.0424 557.7664,592.6407 566.3145,595.7675 574.11,599.5 581.108,604.0009 587.3167,609.2537 592.7933,615.0595 597.6137,621.1782 601.9001,627.5173 605.7095,633.7845 609.0891,639.9424 612.2597,646.1203 615.3483,652.221 618.4009,658.1821 621.5501,663.8587 624.9336,669.2263 628.5764,674.2397 632.5132,678.8213 636.8153,682.994 641.4958,686.7475 646.5439,690.0584 652.0137,692.8917 657.7103,695.2404 663.6312,697.0546 669.6915,698.4421 676.0138,699.4518 682.7781,700.0875 690.0783,700.3962 698.0377,700.4489 706.7635,700.3701 716.7303,700.3481 728.3383,700.312 742.1317,700.3907 758.3009,700.7937 776.9538,702.0348 792.0666,703.6583 "
      id = "4" />
<path  style="fill:none;stroke:#000000;stroke-width:1;stroke-opacity:1"
       d="M 505.2086,592.2911 515.8005,593.0037 526.4806,594.6553 536.7007,597.0689 546.2612,600.2225 555.2355,604.1725 563.5473,608.7966 571.1404,614.158 577.8911,620.3497 583.8398,627.2608 589.032,634.6415 593.7353,642.4512 598.0995,650.3058 602.183,658.0231 606.054,665.5517 610.0073,672.7503 614.2608,679.4583 618.8196,685.7353 623.7115,691.578 629.0511,696.9179 634.8787,701.7695 641.16,706.0974 647.7856,709.9766 654.8096,713.3868 662.1719,716.3904 669.8489,719.1843 677.8787,721.7937 686.3705,724.2412 695.5884,726.6736 705.8578,729.1259 716.9906,731.6033 729.1735,734.3224 742.578,737.4136 757.3961,740.9802 774.0326,745.2234 792.0775,750.1199 "
      id = "5" />
<path  style="fill:none;stroke:#000000;stroke-width:1;stroke-opacity:1"
       d="M 503.8789,597.4084 514.0483,599.2581 524.228,602.1046 534.0229,605.8173 543.2968,610.2501 551.9481,615.4515 560.0328,621.4476 567.2983,628.3378 573.7277,635.965 579.4357,644.1569 584.7359,652.7994 589.7865,661.5664 594.5037,670.0786 599.1827,678.0923 604.0185,685.4576 609.1098,692.3309 614.4988,698.7491 620.2711,704.7163 626.5973,710.1614 633.5264,715.071 640.8697,719.6248 648.6234,723.9139 656.7057,728.0242 665.2061,732.03 674.0801,735.9538 683.4908,739.8039 693.6124,743.7937 704.3057,748.0037 715.4508,752.4187 727.1702,756.9822 739.4932,761.8847 752.5665,767.4487 766.5073,773.3244 781.2403,779.4658 792.0233,783.7421 "
      id = "6" />
<path  style="fill:none;stroke:#000000;stroke-width:1;stroke-opacity:1"
       d="M 502.1874,602.4315 511.8557,605.3704 521.4401,609.3026 530.7225,614.2145 539.5628,619.9634 547.8788,626.4866 555.4843,633.771 562.3683,641.853 568.5054,650.5013 574.3687,659.5784 580.1153,668.7722 585.4248,677.5827 590.6013,685.6949 595.9891,693.1563 601.6067,700.1755 607.5815,706.7898 613.9688,712.9584 620.844,718.5961 628.2788,723.7132 636.1019,728.607 644.3746,733.4938 653.0091,738.4349 661.9738,743.2788 671.2652,748.0215 681.0908,752.6988 691.5486,757.5873 702.3648,762.8058 713.3616,768.3593 724.5824,774.4954 736.0845,780.9936 747.9014,787.6347 760.1222,794.3023 772.8306,800.52 785.8751,806.17 792.0546,808.4903 "
      id = "7" />
<path  style="fill:none;stroke:#000000;stroke-width:1;stroke-opacity:1"
       d="M 500.1509,607.3108 509.2657,611.288 518.2397,616.254 526.8799,622.2391 535.2416,629.1884 543.0172,636.8784 550.1281,645.1698 556.78,654.0034 563.0995,663.2216 569.2693,672.4335 575.1335,681.3771 580.8198,689.8562 586.5779,697.8009 592.4714,705.2151 598.6994,712.0521 605.413,718.4033 612.6343,724.3633 620.3315,729.9724 628.4066,735.335 636.8418,740.715 645.6544,746.0839 654.7269,751.476 663.9979,756.8486 673.6902,762.1541 683.8414,767.7076 694.3051,773.6297 704.7011,780.0948 715.1225,787.0575 725.6011,794.4213 736.4478,801.8654 747.8862,808.9883 759.9069,815.4022 772.3965,821.1399 784.7039,826.4986 792.0281,829.4592 "
      id = "8" />
<path  style="fill:none;stroke:#000000;stroke-width:1;stroke-opacity:1"
       d="M 497.7695,612.046 506.2872,617.014 514.6251,622.9774 522.5856,629.8752 530.0876,637.6048 537.1647,646.0558 543.795,654.947 550.1277,664.1286 556.4105,673.4366 562.774,682.6544 568.9695,691.6478 575.0237,700.202 581.2089,708.2845 587.7247,715.6874 594.7797,722.5677 602.2394,728.9515 610.1288,735.0067 618.4274,740.7073 626.9827,746.3062 635.7184,751.8774 644.7309,757.5879 653.8469,763.3887 663.3174,769.1716 673.0762,775.1779 683.0106,781.4637 692.9566,788.2442 702.9242,795.4773 712.8588,803.1103 723.1259,810.7828 733.6929,818.2257 744.4823,825.3652 755.6537,831.9641 767.027,838.2148 778.439,844.2131 789.789,849.8102 792.0824,850.8066 "
      id = "9" />
<path  style="fill:none;stroke:#000000;stroke-width:1;stroke-opacity:1"
       d="M 495.0667,616.5901 502.9825,622.4476 510.5752,629.2544 517.7646,636.894 524.4901,645.2359 530.8617,654.1843 536.856,663.4896 542.8442,673.0212 548.9941,682.5128 555.2973,691.9395 561.454,701.0137 567.7438,709.6628 574.433,717.8897 581.6246,725.7021 589.342,732.964 597.5192,739.7573 606.0114,745.9791 614.8888,751.8204 623.8736,757.555 632.9127,763.176 642.0472,768.9513 651.2518,774.9429 660.8798,781.0957 670.6369,787.4879 680.4797,794.3664 690.3329,801.6685 700.1497,809.3252 709.9762,817.1017 720.0158,824.7672 730.1663,832.2072 740.241,839.391 750.772,846.2609 761.5165,853.0862 772.4005,859.8203 783.7033,866.3378 792.0761,870.8257 "
      id = "10" />
<path  style="fill:none;stroke:#000000;stroke-width:1;stroke-opacity:1"
       d="M 492.0426,620.9431 499.345,627.538 506.2879,635.1365 512.7579,643.5266 518.9014,652.4693 524.738,661.991 530.3643,671.869 536.1139,681.7278 541.9459,691.5025 547.9044,701.004 553.9965,710.0217 560.4375,718.8169 567.3776,727.2588 574.7452,735.2595 582.6613,742.777 591.0027,749.8287 599.6739,756.3011 608.7073,762.0811 617.9147,767.6811 627.1739,773.1832 636.599,778.7972 646.1787,784.8663 655.9742,791.2515 665.8419,797.9688 675.6923,805.2025 685.5207,812.7943 695.3541,820.5617 705.309,828.3876 715.5112,836.1155 725.7108,843.6913 735.8218,851.2032 746.0522,858.4915 756.4774,865.811 767.2606,873.0882 778.4102,880.4089 789.7737,887.6807 792.0065,889.0121 "
      id = "11" />
<path  style="fill:none;stroke:#000000;stroke-width:1;stroke-opacity:1"
       d="M 488.7269,625.0615 495.402,632.3257 501.6041,640.5214 507.4298,649.4498 513.023,658.9978 518.4407,669.009 523.9354,679.2305 529.5535,689.3723 535.1118,699.3961 540.7028,709.1482 546.4644,718.4661 552.5781,727.3964 559.1074,735.8186 566.1237,743.7833 573.5828,751.3732 581.4081,758.4418 589.6945,764.9156 598.5183,770.7604 607.7104,776.281 617.1385,781.7919 626.9984,787.3964 636.9335,793.374 646.788,799.724 656.6482,806.4282 666.4489,813.5857 676.0518,821.136 685.8601,828.8658 695.879,836.7188 706.0779,844.441 716.3446,852.0956 726.5786,859.7662 736.7426,867.4716 746.937,875.1975 757.5656,882.9598 768.6173,890.8181 779.8149,898.9528 790.8442,907.2495 792.0253,908.175 "
      id = "12" />
<path  style="fill:none;stroke:#000000;stroke-width:1;stroke-opacity:1"
       d="M 485.12,628.9453 491.1458,636.864 496.6476,645.6089 501.8712,655.0336 506.9012,665.045 511.9018,675.4896 517.0389,686.0436 522.2631,696.5313 527.4304,706.9722 532.5164,717.0452 537.7385,726.5615 543.2376,735.5273 549.1981,743.8802 555.6265,751.7601 562.3467,759.2772 569.3657,766.3078 576.7203,772.8566 584.5022,778.8663 592.6038,784.5031 601.2205,790.015 610.4066,795.6219 620.029,801.3632 629.8547,807.3602 639.5641,813.702 649.3068,820.5106 658.986,827.6279 668.6439,834.8906 678.3873,842.3894 688.2978,850.0589 698.3094,857.8048 708.4754,865.5182 718.6859,873.2695 728.6769,881.2421 738.884,889.3336 749.4774,897.5161 760.1853,905.7702 770.9176,914.5453 781.2516,924.0106 791.0315,934.1046 792.0139,935.239 "
      id = "13" />
<path  style="fill:none;stroke:#000000;stroke-width:1;stroke-opacity:1"
       d="M 481.2578,632.5561 486.6218,641.1038 491.5189,650.3733 496.1912,660.3015 500.7467,670.7883 505.3028,681.6205 510.0392,692.5923 514.8279,703.5099 519.5333,714.2979 524.1126,724.5455 528.7987,734.1607 533.8052,743.2031 539.2949,751.6246 545.1887,759.4745 551.374,766.9451 557.6746,773.9933 564.1168,780.6735 570.8176,786.9025 577.8021,792.8804 585.1067,798.7894 592.8018,804.613 600.9707,810.3609 609.6846,816.1475 618.8281,821.9657 628.0208,827.9808 637.2905,834.3054 646.5807,840.9512 656.2018,847.5796 666.1561,854.4112 676.163,861.6242 686.1055,869.2732 695.8942,877.1832 705.6301,885.3663 715.304,893.7462 725.2501,902.3195 735.5344,910.934 745.9935,919.7092 755.8889,928.9849 765.063,938.9099 773.6533,949.3466 782.1198,960.4769 790.1998,972.5328 792.0327,975.515 "
      id = "14" />
<path  style="fill:none;stroke:#000000;stroke-width:1;stroke-opacity:1"
       d="M 477.1403,635.8937 481.8619,645.0333 486.1863,654.8363 490.3332,665.2569 494.5102,676.1573 498.7608,687.2847 503.1192,698.5732 507.4052,709.8157 511.5692,720.8078 515.5952,731.2625 519.7597,741.2067 524.401,750.4926 529.6146,759.1763 535.0861,767.384 540.527,775.1891 546.0373,782.5133 551.6599,789.4739 557.3389,796.0453 563.0745,802.4671 568.9855,808.8152 575.159,815.0604 581.5508,821.2236 588.2108,827.3564 595.1885,833.441 602.6475,839.4348 610.5776,845.3448 618.7753,851.3448 627.3579,857.3 636.3393,863.4846 645.7938,869.8452 655.5189,876.5474 665.2836,883.5422 674.9756,891.0262 684.6936,898.9612 694.3369,907.2516 703.8336,915.8623 713.1248,924.8152 722.0754,934.2244 730.6628,943.8256 738.5154,953.6361 745.9825,963.8087 753.3721,974.3251 760.5888,985.3153 767.7418,996.6205 774.5895,1007.893 780.8688,1019.25 786.9919,1030.924 792.0106,1041.27 "
      id = "15" />
<path  style="fill:none;stroke:#000000;stroke-width:1;stroke-opacity:1"
       d="M 472.8085,638.9251 476.9545,648.6826 480.7356,659.0367 484.4263,670.0385 488.2474,681.2945 492.1942,692.6586 496.2305,704.2516 500.0203,715.7476 503.4805,727.0082 506.928,737.8881 510.6609,748.2174 514.9283,757.918 519.7462,767.06 524.7143,775.8729 529.556,784.3781 534.264,792.4655 538.7803,800.2559 543.1337,807.687 547.4611,814.9353 551.9991,822.0735 556.6779,829.1481 561.4118,836.1491 566.1685,843.0918 570.9993,849.8005 576.0032,856.3657 581.3189,862.8879 587.1625,869.3931 593.5921,875.7178 600.6729,882.0779 608.3951,888.6287 616.6432,895.3826 625.5449,902.4869 634.8677,909.818 644.067,917.3068 653.0546,924.9943 661.7408,933.0142 670.1171,941.3953 678.2495,949.9211 685.9726,958.3966 693.3657,967.0212 700.3762,975.2556 707.1331,982.996 713.7504,990.4385 720.1437,997.8954 726.4078,1005.441 732.6601,1013.027 738.8292,1020.76 744.8229,1028.67 750.6385,1036.88 756.3644,1045.451 761.9348,1054.279 767.3212,1063.495 772.2784,1073.076 775.4977,1080.069 "
      id = "16" />
<path  style="fill:none;stroke:#000000;stroke-width:1;stroke-opacity:1"
       d="M 468.2623,641.6501 471.8421,652.0885 475.1138,663.1337 478.3231,674.7056 481.7286,686.3946 485.2932,698.1147 488.8856,710.0508 492.0996,721.8619 494.9531,733.3506 497.8452,744.5082 501.1464,755.2572 504.9427,765.6324 508.9289,775.66 512.9942,785.4814 516.9085,794.9971 520.3904,804.131 523.571,812.9871 526.4572,821.5441 529.1399,829.9285 531.7511,838.255 534.3702,846.506 536.9982,854.6975 539.6424,862.7332 542.1545,870.5556 544.6074,878.2142 547.1055,885.7036 549.7701,893.0425 552.6611,900.1981 555.8735,907.21 559.4751,914.0031 563.4817,920.5085 567.8766,926.7071 572.6304,932.843 577.7432,939.0884 583.2407,945.5065 589.181,952.0705 595.7471,958.746 602.9662,965.602 610.6208,972.6682 618.6503,979.9469 626.7955,987.3396 634.7439,994.4518 642.2967,1001.1 649.2961,1007.381 655.7587,1013.344 661.8442,1018.94 667.6896,1024.243 673.3528,1029.284 678.8322,1033.989 684.191,1038.467 689.5067,1042.807 694.8184,1047.14 700.2325,1051.496 705.6855,1055.924 711.1108,1060.455 716.4879,1065.255 721.7333,1070.457 726.647,1076.153 729.483,1080.026 "
      id = "17" />
<path  style="fill:none;stroke:#000000;stroke-width:1;stroke-opacity:1"
       d="M 463.547,644.0417 466.5445,655.0921 469.3392,666.8011 472.1001,678.9327 475.0605,691.0787 478.1501,703.1689 481.1816,715.4245 483.8231,727.4417 486.2114,739.0833 488.5023,750.4028 491.2483,761.6578 494.2807,772.7034 497.3294,783.5099 500.2772,794.085 502.8933,804.4373 505.081,814.4898 506.8329,824.2295 508.2889,833.7145 509.4445,843.1321 510.493,852.5693 511.4714,861.9969 512.2425,871.3386 512.7598,880.4842 513.1454,889.2984 513.6883,897.5295 514.579,905.088 515.8283,912.0305 517.4344,918.4124 519.3374,924.2996 521.5229,929.8215 523.9135,935.0444 526.4817,940.035 529.2409,944.9014 532.2744,949.7156 535.6208,954.4954 539.2848,959.2578 543.2466,964.0794 547.4978,968.973 552.105,973.9138 557.0874,978.9832 562.5667,984.285 568.4397,990.0783 574.6722,996.3861 581.2416,1002.942 587.9928,1009.62 595.0833,1016.406 602.6556,1023.144 610.3878,1029.76 618.2097,1036.215 625.9904,1042.349 633.5173,1048.169 640.7067,1053.591 647.3834,1058.662 653.5939,1063.416 659.5035,1067.946 665.1954,1072.376 670.7282,1076.75 674.7812,1080.007 "
      id = "18" />
<path  style="fill:none;stroke:#000000;stroke-width:1;stroke-opacity:1"
       d="M 458.6627,646.1 461.0093,657.6923 463.2891,669.9736 465.5923,682.5652 468.0613,695.0842 470.7136,707.515 473.2614,720.0966 475.3773,732.321 477.144,744.1733 478.9264,755.7715 480.9842,767.1704 483.213,778.4057 485.2932,789.4689 487.0994,800.3843 488.5777,811.0652 489.4873,821.5154 490.0444,831.7874 490.4503,841.959 490.7862,852.0754 491.1015,862.0454 491.2023,871.9783 490.912,881.7769 490.5391,891.1664 490.3569,899.8718 490.5075,907.8568 490.9713,915.085 491.6061,921.5566 492.283,927.4175 492.9062,932.8072 493.4865,937.8736 494.0739,942.7002 494.6349,947.3233 495.1702,951.7729 495.6784,956.0773 496.2136,960.2258 496.7672,964.2361 497.3201,968.1342 497.9146,971.9122 498.5562,975.6048 499.3,979.2665 500.2054,982.9171 501.3075,986.5386 502.6101,990.1563 504.1277,993.7797 505.8985,997.4023 507.9049,1001.025 510.2126,1004.683 512.8194,1008.403 515.7256,1012.269 518.9673,1016.338 522.4832,1020.733 526.233,1025.503 530.2292,1030.8 534.5491,1036.592 539.365,1042.909 544.7028,1049.695 550.5638,1056.917 556.9214,1064.587 563.8214,1072.545 570.4742,1080.015 "
      id = "19" />
<path  style="fill:none;stroke:#000000;stroke-width:1;stroke-opacity:1"
       d="M 453.6577,647.8044 455.3849,659.9594 457.0885,672.5888 458.8557,685.4758 460.8146,698.3352 462.9832,711.2347 465.0013,724.2099 466.5164,736.8405 467.6826,748.9752 468.8187,760.5967 470.2119,771.8948 471.693,782.9524 472.9409,793.9117 473.9044,804.7902 474.5364,815.5698 474.7474,826.2048 474.6486,836.7143 474.4485,847.2083 474.3311,857.6792 474.1928,868.0009 473.8684,878.2062 473.3787,888.117 473.0461,897.5406 472.905,906.1491 472.97,914.0013 473.209,921.1437 473.4981,927.73 473.7522,933.8304 473.9161,939.5308 473.9216,944.9415 473.7688,950.1013 473.473,955.0006 473.0453,959.6378 472.5104,964.0572 471.8786,968.3119 471.1745,972.4526 470.4536,976.531 469.7888,980.6087 469.1832,984.7342 468.706,988.8848 468.3495,993.0025 468.0713,997.1734 467.8993,1001.431 467.7842,1005.773 467.6812,1010.254 467.5735,1014.921 467.4233,1019.797 467.3071,1024.882 467.1796,1030.208 466.9763,1035.871 466.7535,1041.882 466.5459,1048.255 466.3776,1055.086 466.3272,1062.397 466.5155,1070.172 467.2095,1078.372 467.4663,1080.053 "
      id = "20" />
<path  style="fill:none;stroke:#000000;stroke-width:1;stroke-opacity:1"
       d="M 448.5323,649.1548 449.5888,661.6967 450.7129,674.6523 451.9227,687.8847 453.3828,701.2051 455.0802,714.5858 456.659,728.0294 457.7401,740.9708 458.4832,753.2387 459.0511,764.8308 459.7552,776.0261 460.5048,786.9165 461.1459,797.6542 461.5828,808.3205 461.7565,819.1149 461.533,829.8729 461.07,840.6202 460.5622,851.3259 460.2465,861.8641 459.9224,872.319 459.4192,882.5073 458.9609,892.2495 458.5558,901.4071 458.2028,909.9493 457.9925,917.8519 457.901,925.2243 457.8897,932.0744 457.7637,938.6295 457.4399,944.9142 456.9569,950.7942 456.2829,956.2939 455.4559,961.4598 454.4951,966.3763 453.4092,971.1522 452.2075,975.8832 450.9531,980.5933 449.647,985.2728 448.3089,989.9414 446.9096,994.6524 445.375,999.4943 443.7441,1004.601 441.975,1010.027 440.1051,1015.793 438.1791,1022.02 436.2633,1028.785 434.294,1036.182 432.4105,1044.21 430.8061,1052.639 429.5185,1061.344 428.6887,1070.333 428.1429,1079.829 428.138,1080.029 "
      id = "21" />
<path  style="fill:none;stroke:#000000;stroke-width:1;stroke-opacity:1"
       d="M 443.3373,650.138 443.7384,662.9449 444.2521,676.173 444.892,689.7415 445.8408,703.5001 447.2036,717.3131 448.5293,731.0969 449.2953,744.1824 449.701,756.5052 449.8777,768.079 449.9504,779.1568 450.0643,789.9276 450.1301,800.5392 449.9815,811.1882 449.7328,821.9623 449.3183,832.8513 448.7863,843.6788 448.2821,854.2962 447.892,864.8505 447.5252,875.2183 447.0451,885.2069 446.5759,894.7237 446.2091,903.8254 445.7768,912.4589 445.2764,920.6736 444.7664,928.5503 444.3489,936.127 443.7586,943.2883 443.006,950.0408 442.0345,956.3685 440.8217,962.3729 439.4077,968.1472 437.7346,973.8893 435.8078,979.6489 433.7369,985.4364 431.5386,991.3816 429.0817,997.6223 426.3264,1004.151 423.3578,1011.006 420.3553,1018.35 417.4876,1026.369 415.0115,1035.152 412.827,1044.43 410.9861,1054.002 409.6179,1063.901 408.6368,1074.225 408.1943,1080.01 "
      id = "22" />
<path  style="fill:none;stroke:#000000;stroke-width:1;stroke-opacity:1"
       d="M 438.0728,650.7536 437.7535,663.7529 437.6066,677.2358 437.6652,691.0771 438.1407,705.2115 439.1707,719.3909 440.2247,733.2841 440.7688,746.5168 440.8632,758.8522 440.5888,770.3888 440.1665,781.3469 439.6423,792.0267 439.0861,802.6445 438.4901,813.3525 437.9392,824.1785 437.358,834.9166 436.7799,845.52 436.2745,856.0073 435.8064,866.3819 435.2962,876.3975 434.7913,886.0825 434.1866,895.4694 433.6077,904.6699 432.9041,913.591 432.252,922.2727 431.6908,930.7399 431.1723,938.9138 430.4368,946.7482 429.4044,954.1689 428.0439,961.2512 426.2117,968.1711 423.9567,975.056 421.394,981.9758 418.5298,989.139 415.3603,996.5941 411.9413,1004.341 408.5061,1012.508 405.2573,1021.332 402.453,1030.83 400.0615,1040.863 397.9821,1051.258 396.3082,1062.055 394.8737,1073.275 394.1785,1080.04 "
      id = "23" />
<path  style="fill:none;stroke:#000000;stroke-width:1;stroke-opacity:1"
       d="M 432.7911,650.9955 431.7563,664.1435 430.9709,677.7859 430.3797,691.7955 430.3763,706.1824 431.0546,720.6876 431.7509,734.6848 432.045,747.9221 431.8129,760.2899 431.0967,771.7795 430.1539,782.6988 429.1454,793.3014 428.1716,803.899 427.4109,814.5905 426.6492,825.235 425.954,835.6533 425.2281,845.9146 424.6224,856.1282 424.161,866.0653 423.6574,875.7116 423.0714,885.1401 422.4043,894.5263 421.7495,903.819 421.1231,913.1456 420.578,922.3495 419.9645,931.265 419.2775,939.9356 418.3548,948.4029 417.0723,956.5607 415.2782,964.5753 412.8842,972.5444 409.9827,980.5963 406.613,988.8793 402.9821,997.4233 399.2701,1006.313 395.6732,1015.839 392.3949,1025.988 389.5629,1036.663 387.2224,1047.837 385.2572,1059.49 383.3919,1071.541 382.2056,1080.055 "
      id = "24" />
<path  style="fill:none;stroke:#000000;stroke-width:1;stroke-opacity:1"
       d="M 427.4925,650.8639 425.8249,664.1134 424.3556,677.9192 423.1802,692.1572 422.6518,706.7728 422.8797,721.5889 423.165,735.7311 423.0498,748.9256 422.3766,761.2881 421.157,772.8598 419.7836,783.8598 418.4817,794.5234 417.2306,805.0956 416.1502,815.5537 415.163,825.8037 414.2594,835.7574 413.5091,845.4642 412.878,854.9915 412.3119,864.363 411.7838,873.613 411.3405,882.8177 410.9618,892.0921 410.5957,901.5278 410.3262,911.1017 409.9236,920.5991 409.357,929.9438 408.548,939.167 407.4365,948.316 405.8388,957.366 403.6944,966.3791 400.8828,975.4094 397.6035,984.6014 393.9431,994.0129 389.9886,1003.709 386.1461,1013.962 382.6228,1024.899 379.4616,1036.384 376.7,1048.346 374.1703,1060.811 371.7886,1073.698 370.6929,1080.002 "
      id = "25" />
<path  style="fill:none;stroke:#000000;stroke-width:1;stroke-opacity:1"
       d="M 422.2293,650.3602 419.92,663.6841 417.8383,677.6048 416.0828,692.0159 414.9291,706.7746 414.5802,721.6117 414.3318,735.9771 413.586,749.4055 412.297,761.9149 410.5768,773.4208 408.628,784.3491 406.8739,794.9539 405.3813,805.3358 404.1125,815.5016 403.0107,825.2383 402.0024,834.5528 401.1664,843.6044 400.5291,852.4769 399.9594,861.3304 399.5518,870.1823 399.402,879.2291 399.4427,888.4919 399.5106,897.9766 399.4619,907.6169 399.1779,917.2866 398.615,927.023 397.7267,936.7682 396.5351,946.5472 394.9546,956.5449 392.7518,966.5223 389.8315,976.5559 386.4308,986.7538 382.6271,997.1893 378.5849,1007.899 374.5714,1019.251 370.8827,1031.228 367.5123,1043.605 364.5308,1056.642 361.9253,1070.186 360.2346,1080.037 "
      id = "26" />
<path  style="fill:none;stroke:#000000;stroke-width:1;stroke-opacity:1"
       d="M 417.0019,649.4844 414.0618,662.8438 411.378,676.8032 409.0683,691.2637 407.2122,706.0886 406.0822,721.0088 405.01,735.4528 403.4701,749.0319 401.491,761.6586 399.091,773.4081 396.5157,784.4905 394.2881,795.2866 392.5536,805.6 391.1611,815.4326 390.0778,824.6868 389.1513,833.4487 388.3497,841.8908 387.8683,850.3309 387.5525,858.835 387.524,867.5483 387.8541,876.4939 388.3306,885.7631 388.8634,895.2955 389.1377,904.9306 389.1537,914.6108 388.7906,924.3283 387.9975,934.1653 386.7534,944.2507 385.0458,954.768 382.8393,965.4341 379.8876,976.1744 376.4037,987.2025 372.4227,998.3984 368.1959,1009.954 364.0229,1022.073 360.0186,1034.765 356.4995,1048.057 353.5159,1061.814 351.0209,1075.667 350.3307,1080.012 "
      id = "27" />
<path  style="fill:none;stroke:#000000;stroke-width:1;stroke-opacity:1"
       d="M 411.862,648.2451 408.2296,661.6901 404.9128,675.6674 401.9827,690.1543 399.4298,705.0197 397.5255,719.9099 395.6508,734.3223 393.4279,747.902 390.9343,760.6034 388.0883,772.4692 385.2695,783.8564 383.0182,794.8038 381.2986,805.3257 379.9675,815.3428 379.0205,824.7068 378.3914,833.5875 377.9824,842.2899 377.8571,850.8657 377.9341,859.4295 378.2081,868.0559 378.7456,876.8832 379.4172,886.108 380.0753,895.71 380.4223,905.3783 380.4474,915.0278 380.0693,924.7464 379.163,934.631 377.7439,944.9026 375.8025,955.6926 373.3276,966.8492 370.1409,978.2316 366.2937,989.8475 362.0306,1001.782 357.5503,1014.016 353.2208,1026.679 349.2019,1040.118 345.7216,1054.045 342.7895,1068.161 340.7364,1080.08 "
      id = "28" />
<path  style="fill:none;stroke:#000000;stroke-width:1;stroke-opacity:1"
       d="M 406.8098,646.6424 402.477,660.0976 398.5045,674.0852 394.8766,688.535 391.5861,703.3348 388.9583,718.209 386.5181,732.5795 383.7765,746.0801 380.852,758.8203 377.893,771.0239 375.107,782.7656 372.7922,794.0753 371.0447,804.9886 369.6563,815.3398 368.798,825.082 368.2846,834.2837 368.065,843.287 368.2011,852.1281 368.6203,860.9172 369.1937,869.6973 369.8796,878.6149 370.533,887.8707 371.078,897.4686 371.3739,907.1954 371.2678,916.9119 370.7012,926.629 369.6476,936.5844 367.9255,946.9806 365.5448,958.0799 362.4343,969.7443 358.8173,981.6958 354.6788,994.0038 350.1015,1006.505 345.5172,1019.243 341.117,1032.834 337.218,1047.03 333.917,1061.437 331.3563,1075.391 330.5617,1080.021 "
      id = "29" />
<path  style="fill:none;stroke:#000000;stroke-width:1;stroke-opacity:1"
       d="M 401.8954,644.6922 396.8612,658.0925 392.175,672.1662 387.8474,686.4882 383.9242,701.1385 380.6607,715.9675 377.6785,730.3417 374.4967,743.9424 371.3479,756.9623 368.2556,769.6183 365.4589,781.754 363.1617,793.3903 361.1985,804.4941 359.6655,815.0011 358.6353,824.9911 358.1251,834.4297 358.0341,843.5939 358.3206,852.6726 358.922,861.6967 359.7223,870.7717 360.6463,879.9314 361.3529,889.2231 361.748,898.6838 361.8054,908.2682 361.4596,917.8537 360.6217,927.5395 359.1553,937.606 357.0306,948.2123 354.186,959.6904 350.6404,971.9393 346.5817,984.702 341.9891,997.7272 337.2686,1010.739 332.6229,1024.311 328.3734,1038.718 324.7381,1053.443 322.0241,1067.606 319.9016,1080.019 "
      id = "30" />
<path  style="fill:none;stroke:#000000;stroke-width:1;stroke-opacity:1"
       d="M 397.119,642.3946 391.3097,655.6637 386.009,669.7829 381.1154,684.0825 376.7052,698.5855 372.8579,713.3382 369.371,727.7222 365.737,741.4415 362.2328,754.7424 358.8869,767.7058 355.9918,780.1697 353.499,791.9318 351.2887,803.1887 349.447,813.9493 348.2587,824.1761 347.7874,833.9282 347.8102,843.3815 348.3643,852.5723 349.2917,861.6631 350.3407,870.8676 351.5133,880.1661 352.5297,889.5375 353.0327,898.8974 352.981,908.3055 352.3787,917.8386 351.1833,927.6521 349.2898,937.952 346.7315,948.9953 343.3734,960.9592 339.157,973.8427 334.4262,987.2036 329.5564,1000.519 324.6241,1014.002 319.8997,1028.169 315.8476,1042.99 312.5345,1057.515 309.8542,1071.384 308.2804,1080.042 "
      id = "31" />
<path  style="fill:none;stroke:#000000;stroke-width:1;stroke-opacity:1"
       d="M 392.5279,639.7723 385.9908,652.7678 380.0316,666.7003 374.6214,680.9244 369.827,695.3329 365.3943,710.0291 361.3885,724.4633 357.2717,738.343 353.2701,751.9642 349.4362,765.1812 346.0467,777.7512 343.2057,789.768 340.6724,801.3511 338.6118,812.5215 337.3234,823.0544 336.8493,833.2495 336.994,843.0795 337.6595,852.656 338.6752,861.9973 339.9217,871.3035 341.3125,880.6633 342.6237,890.0526 343.3271,899.375 343.2365,908.8101 342.3918,918.5003 340.7874,928.7137 338.4961,939.5831 335.4634,951.3873 331.3962,964.0473 326.5512,977.3627 321.5443,990.7494 316.3919,1004.195 311.4316,1018.016 306.8616,1032.388 302.9762,1046.931 299.7934,1060.861 296.9438,1074.129 295.6519,1080.093 "
      id = "32" />
<path  style="fill:none;stroke:#000000;stroke-width:1;stroke-opacity:1"
       d="M 388.1223,636.8254 380.8422,649.4415 374.2021,663.0303 368.1762,677.0465 362.7994,691.3839 357.7629,706.0345 353.1282,720.506 348.6809,734.4033 344.226,748.0252 340.0207,761.1899 336.1115,773.7922 332.4848,785.967 329.4062,797.6991 327.0287,809.1081 325.7097,820.0724 325.2755,830.7203 325.4209,841.095 326.0418,851.174 326.9606,861.0029 328.1312,870.5876 329.3742,880.0431 330.4465,889.4734 331.0327,898.9213 330.8055,908.5439 329.7031,918.5253 327.8089,929.1897 325.1377,940.7122 321.6364,953.0911 317.1228,965.8629 311.9703,979.0256 306.5568,992.411 301.028,1005.919 295.9119,1019.772 291.3936,1033.955 287.466,1047.813 283.8704,1061.005 280.3561,1073.507 278.5113,1080.048 "
      id = "33" />
<path  style="fill:none;stroke:#000000;stroke-width:1;stroke-opacity:1"
       d="M 383.946,633.5829 375.9987,645.6336 368.6676,658.7411 361.9749,672.3907 355.9364,686.4999 350.3235,700.9561 345.0591,715.2256 340.1278,728.9371 335.3513,742.2003 330.5967,755.1602 326.0002,767.5952 321.6508,779.6586 317.7234,791.3738 314.6086,802.9341 312.6071,814.1814 311.7273,825.1901 311.6388,835.9871 312.0877,846.5139 312.7274,856.8354 313.4431,866.8621 314.2511,876.7353 314.9268,886.6176 315.1013,896.5832 314.6187,906.6071 313.3641,916.7632 311.323,927.5648 308.5544,939.256 304.8928,951.5612 300.1285,964.2884 294.4064,977.1678 288.4521,990.4053 282.2686,1003.739 276.2646,1017.249 270.8643,1030.642 266.0203,1043.713 261.2794,1056.088 256.6504,1067.711 252.3312,1079.003 251.9727,1080.042 "
      id = "34" />
<path  style="fill:none;stroke:#000000;stroke-width:1;stroke-opacity:1"
       d="M 379.9992,630.045 371.4757,641.5121 363.519,653.9696 356.1607,667.0168 349.3478,680.6101 342.9172,694.6329 336.9043,708.4401 331.1541,721.8811 325.6841,734.9201 320.3029,747.3409 314.9492,759.3608 309.712,771.1018 304.9528,782.7658 300.8699,794.3894 297.813,805.7448 295.8739,816.921 294.747,827.9598 294.2787,838.927 294.1383,849.6785 294.0939,860.0098 294.0759,870.0178 293.8435,880.2266 293.2481,890.6096 292.056,901.0937 290.1666,911.8008 287.5106,922.7211 283.9832,933.9985 279.3479,945.7104 273.5682,957.8397 266.5244,970.2083 258.4159,982.7181 249.4008,995.1569 240.2904,1006.887 230.9001,1017.866 221.194,1027.854 211.444,1036.825 201.9614,1044.953 192.28,1052.151 182.3432,1058.564 172.4817,1064.422 162.8939,1069.86 153.6717,1074.915 144.7353,1079.678 144.1143,1080.001 "
      id = "35" />
<path  style="fill:none;stroke:#000000;stroke-width:1;stroke-opacity:1"
       d="M 376.3209,626.2471 367.2517,637.0577 358.7849,648.8402 350.825,661.145 343.2686,674.0659 335.8806,687.3886 328.9223,700.6208 322.2678,713.5563 315.7236,726.1147 309.4418,738.2012 303.1405,749.8424 296.9501,761.1229 291.1233,772.4182 285.7929,783.6671 281.3217,795.0482 277.8585,806.5041 275.2048,817.8876 272.8663,828.9574 270.6715,839.6786 268.4487,850.0864 266.0235,860.512 263.0611,871.0917 259.4202,881.6791 254.8997,892.2684 249.3098,902.9344 242.4052,913.3975 233.8668,923.6914 223.7328,933.5655 212.237,942.7805 199.8864,951.0364 186.7768,958.2285 173.3594,964.3489 159.9082,969.3154 146.6553,973.5173 134.15,977.0338 122.8568,979.988 112.7849,982.5992 103.72,984.8582 95.3499,986.9971 87.71799,989.1586 80.90069,991.2294 74.6041,993.1331 71.99581,993.8301 "
      id = "36" />
<path  style="fill:none;stroke:#000000;stroke-width:1;stroke-opacity:1"
       d="M 372.9113,622.1891 363.3736,632.2341 354.4521,643.1796 345.9655,654.6199 337.71,666.5815 329.5921,678.9857 321.65,691.4323 313.9237,703.5771 306.2493,715.5085 298.8037,727.0204 291.1841,738.1647 283.6636,748.9335 276.4544,759.472 269.4333,769.8206 262.8467,780.0211 256.7957,790.4241 251.0583,800.9558 245.5443,811.0958 239.7524,820.8512 233.7107,830.4405 227.4995,839.7941 221.012,848.7457 213.8913,857.3209 206.0218,865.4427 197.3598,873.0071 188.0165,879.6002 178.1239,884.9553 167.8967,889.3671 157.7769,893.1657 148.0597,896.2438 139.062,898.621 130.5948,900.2245 122.498,901.2798 114.7176,901.9409 107.4521,902.4692 100.767,902.9976 94.64223,903.6531 88.93529,904.4418 83.50443,905.319 78.32191,906.2941 73.35069,907.3842 71.99387,907.7294 "
      id = "37" />
<path  style="fill:none;stroke:#000000;stroke-width:1;stroke-opacity:1"
       d="M 369.804,617.9113 359.8875,627.1341 350.5466,637.0663 341.6434,647.379 332.9056,657.9296 324.2844,668.8904 315.6474,680.1348 306.9977,691.2684 298.1932,702.2477 289.4425,712.8583 280.6376,723.0189 271.6813,732.8668 262.7034,742.4147 253.8846,751.184 245.4019,759.4664 237.1819,767.4523 229.187,774.9633 221.5096,781.9164 213.9508,788.4944 206.4182,794.8353 199.0002,800.8572 191.6537,806.4796 184.4078,811.5015 177.2854,815.8274 170.2639,819.6126 163.2029,823.056 156.1721,826.0806 149.1945,828.6954 142.3781,831.0532 135.8609,833.3717 129.6318,835.6605 123.6825,838 117.9013,840.3477 112.1954,842.7783 106.4958,845.4395 100.6879,848.3708 94.83261,851.5485 89.0881,854.8133 83.44129,858.1255 77.85326,861.5042 72.16894,865.0551 71.99894,865.1604 "
      id = "38" />
<path  style="fill:none;stroke:#000000;stroke-width:1;stroke-opacity:1"
       d="M 366.9993,613.4139 356.7401,621.7501 346.9908,630.5918 337.7434,639.5515 328.7067,648.4752 319.6774,657.6985 310.5686,667.1158 301.3932,676.5397 291.9681,685.8466 282.2603,695.1098 272.4376,704.3209 262.3132,713.3729 251.8746,721.8375 241.3753,729.5383 231.3553,736.2206 221.7871,742.1473 212.589,747.4971 203.7926,752.233 195.5992,756.3788 187.9992,759.9902 180.993,763.1056 174.4448,765.7953 168.2936,768.3431 162.5356,770.7263 157.1565,772.9298 152.0297,775.0517 147.0403,777.0718 142.2073,779.0638 137.5983,781.1163 133.1796,783.3889 128.8416,785.9107 124.5073,788.7012 120.1318,791.769 115.6751,795.0372 111.081,798.4815 106.4108,802.0569 101.6079,805.8433 96.64454,809.9194 91.44146,814.3206 85.97541,819.0212 80.16703,824.067 73.79335,829.6007 71.9449,831.1315 "
      id = "39" />
<path  style="fill:none;stroke:#000000;stroke-width:1;stroke-opacity:1"
       d="M 364.5249,608.7415 353.8746,616.0485 343.7043,623.6599 334.1532,631.2086 324.821,638.51 315.425,645.9171 306.0252,653.4828 296.5923,661.1402 286.9439,668.4724 277.0782,675.8013 266.6326,683.0706 255.6863,690.22 244.5368,697.0657 233.2144,703.4736 221.9755,709.3873 211.3672,714.9691 201.5427,720.0229 192.3247,724.4091 183.7078,728.4091 175.7367,732.0706 168.5259,735.4233 161.9246,738.4299 156.0006,741.2465 150.747,743.9439 146.0822,746.649 141.7401,749.4092 137.6147,752.2115 133.6766,755.0239 129.9252,757.9316 126.2982,760.9868 122.6765,764.1661 119.0497,767.4648 115.3336,770.976 111.4854,774.6946 107.4445,778.5567 103.1974,782.513 98.79016,786.6613 94.1882,791.0057 89.37198,795.5598 84.33388,800.3709 79.09001,805.4724 73.37415,811.0544 71.97979,812.3451 "
      id = "40" />
<path  style="fill:none;stroke:#000000;stroke-width:1;stroke-opacity:1"
       d="M 362.3809,603.8941 351.4289,610.1166 340.9278,616.4335 331.0117,622.5025 321.5019,628.1142 312.066,633.6573 302.6049,639.3375 293.0189,645.0284 283.2712,650.48 273.2833,655.5749 262.8691,660.5999 251.9835,665.5477 240.6369,670.1873 229.0008,674.5681 217.1166,679.0585 205.5771,683.8718 194.5686,688.9869 184.3569,694.2889 174.9267,699.4112 166.1567,704.313 157.9822,709.0447 150.7335,713.5725 144.3298,717.9618 138.5034,722.429 133.208,726.868 128.4211,731.1898 123.9504,735.422 119.6898,739.5619 115.6165,743.7272 111.7445,747.8773 107.8876,752.1354 103.9771,756.5982 100.0184,761.2275 95.97638,766.006 91.78784,770.9169 87.32617,775.9812 82.53981,781.2495 77.47914,786.6522 72.16959,792.3163 71.96289,792.5337 "
      id = "41" />
<path  style="fill:none;stroke:#000000;stroke-width:1;stroke-opacity:1"
       d="M 360.5886,598.92 349.4361,604.089 338.7875,609.0261 328.6376,613.602 318.9497,617.5817 309.4134,621.1423 299.8146,624.6133 290.1216,628.0136 280.24,631.2795 270.2057,634.2838 260.0253,636.9361 249.3997,639.2828 238.4346,641.4391 226.9773,643.7282 215.3885,646.4855 203.7465,650.2375 192.1451,655.2072 180.9405,660.9995 170.21,667.2122 159.979,673.6666 150.097,680.2775 140.5993,686.7802 131.8139,693.059 123.7531,699.0349 116.3271,704.9577 109.3229,710.8403 102.6771,716.8423 96.47487,722.6652 90.51903,728.5714 84.75714,734.6051 79.07862,740.8912 73.39282,747.4551 71.97351,749.1363 "
      id = "42" />
<path  style="fill:none;stroke:#000000;stroke-width:1;stroke-opacity:1"
       d="M 359.1479,593.8192 347.8777,597.9075 337.1663,601.5422 326.9115,604.6019 317.1318,606.9499 307.6088,608.558 298.0627,609.7888 288.3395,610.6317 278.4896,611.151 268.3933,611.2142 258.0954,610.597 247.6544,609.4246 237.0463,607.9038 226.4016,606.1193 215.7049,604.3926 204.9259,603.2362 193.9363,603.1607 182.6622,604.2762 171.0701,606.7268 159.278,610.5245 147.3867,615.5417 135.1318,621.4841 122.6352,628.0389 110.0543,634.784 97.16702,641.3011 84.3186,647.816 71.95562,653.4854 "
      id = "43" />
<path  style="fill:none;stroke:#000000;stroke-width:1;stroke-opacity:1"
       d="M 358.0734,588.6423 346.8251,591.6006 336.1069,594.0233 325.8946,595.6431 316.1348,596.3442 306.613,596.0416 297.1163,595.0014 287.6757,593.2909 278.2633,590.796 268.636,587.2495 258.8997,582.5974 249.2805,576.9581 239.5703,570.489 229.6447,563.9088 219.4688,557.49 209.3347,551.4457 199.1079,545.9179 188.9883,540.718 179.0274,535.9272 169.2677,531.8204 159.7837,528.9324 150.6598,527.1751 141.6638,526.191 132.8452,525.6823 124.1302,525.4721 115.5211,525.3263 106.9191,525.0701 98.1881,524.5219 89.30069,523.5869 80.14761,522.4894 71.9079,521.4915 "
      id = "44" />
<path  style="fill:none;stroke:#000000;stroke-width:1;stroke-opacity:1"
       d="M 357.3651,583.3896 346.236,585.2956 335.608,586.5107 325.5172,586.7849 315.8745,586.0404 306.4699,584.1991 297.1937,581.3266 288.0244,577.5457 278.9405,572.6011 269.8708,566.5176 260.6765,559.4238 251.1879,551.5888 241.0609,543.5145 230.4043,535.4795 219.5849,527.5909 208.4661,519.941 197.698,512.9843 187.1699,506.9207 176.8322,502.0528 166.8515,498.5081 157.1278,496.0475 147.5885,494.5587 138.3877,493.773 129.3421,493.4164 120.4007,493.3282 111.5626,493.377 102.6596,493.6607 93.63161,494.1775 84.47246,494.6575 75.05455,495.1294 71.95933,495.3006 "
      id = "45" />
<path  style="fill:none;stroke:#000000;stroke-width:1;stroke-opacity:1"
       d="M 357.0301,578.113 346.0665,579.0818 335.4933,579.2024 325.5018,578.3582 315.8571,576.4404 306.3564,573.3308 296.9873,568.956 287.9145,563.5181 279.131,556.9987 270.1022,549.5827 260.6409,541.3994 250.5115,532.862 239.9063,524.1429 229.0348,515.7135 217.7816,507.7126 206.7525,500.387 195.9764,493.9691 185.3706,488.5864 174.8172,484.5133 164.6095,481.5968 154.7238,479.4557 145.0904,477.714 135.5516,476.4525 126.0363,475.6846 116.542,475.2798 107.0077,475.205 97.41754,475.5078 87.75447,476.2338 77.99522,477.2755 71.94418,478.0444 "
      id = "46" />
<path  style="fill:none;stroke:#000000;stroke-width:1;stroke-opacity:1"
       d="M 357.0682,572.8127 346.3098,572.8672 335.9997,572.0806 326.0901,570.3063 316.4403,567.4325 306.8988,563.2362 297.6802,557.7774 288.7997,551.437 279.9156,544.238 270.5971,536.2272 260.7658,527.7507 250.3867,518.9929 239.6571,510.3954 228.6384,502.1371 217.5943,494.5738 206.7009,487.6639 195.8986,481.5999 184.9394,476.4738 174.1871,472.5562 163.8872,469.5457 153.9699,466.8498 144.1233,464.531 134.227,462.6179 124.293,461.029 114.3309,459.8584 104.2285,459.2096 93.94022,459.1472 83.66196,459.7886 73.57854,460.9904 71.90399,461.2835 "
      id = "47" />
<path  style="fill:none;stroke:#000000;stroke-width:1;stroke-opacity:1"
       d="M 357.4791,567.5415 346.9737,566.857 336.8983,565.3151 327.204,562.7868 317.647,559.106 308.2914,554.2015 299.1938,548.2955 290.3414,541.5678 281.3208,533.9583 271.8621,525.7372 261.9125,517.1905 251.4997,508.6208 240.9351,500.2046 230.1441,492.0942 219.3727,484.6527 208.527,477.8568 197.6451,471.8477 186.5623,466.7053 175.8893,462.5316 165.8166,458.8613 156.0073,455.4445 146.1284,452.3048 136.103,449.4496 125.9181,446.8711 115.5899,444.8269 105.0947,443.2942 94.39935,442.4333 83.75597,442.503 73.22928,443.5367 71.94695,443.7505 "
      id = "48" />
<path  style="fill:none;stroke:#000000;stroke-width:1;stroke-opacity:1"
       d="M 358.2627,562.2995 347.9821,560.9019 338.094,558.6755 328.5617,555.4374 319.25,551.1425 310.1014,545.8711 301.2055,539.765 292.4298,532.9537 283.4017,525.3108 273.7937,517.1202 263.6895,508.6127 253.3959,500.037 243.1262,491.5674 232.7302,483.5464 222.16,476.0933 211.3563,469.2934 200.5707,463.0876 189.7995,457.6523 179.3772,452.8438 169.5625,448.5351 159.943,444.5058 150.1705,440.6276 140.1724,437.1118 130.004,434.0006 119.576,431.3111 108.816,429.21 97.9005,427.7878 86.87106,427.1675 75.89468,427.5707 71.91122,427.9333 "
      id = "49" />
<path  style="fill:none;stroke:#000000;stroke-width:1;stroke-opacity:1"
       d="M 359.4112,557.1385 349.3885,555.0578 339.7237,552.2005 330.4518,548.4006 321.4366,543.7241 312.649,538.2748 304.045,532.1772 295.4348,525.4711 286.3634,517.8988 276.6932,509.707 266.6718,501.2151 256.6862,492.4488 246.6556,483.9655 236.4447,475.9803 226.0511,468.4988 215.488,461.5924 204.9648,455.1093 194.7195,449.0016 184.8573,443.4102 175.378,438.2329 165.9785,433.4665 156.4534,428.9776 146.7892,424.8935 137.019,421.2603 126.8744,418.0519 116.2702,415.3157 105.2158,413.14 93.80083,411.5902 82.2911,410.8382 71.99126,410.7439 "
      id = "50" />
<path  style="fill:none;stroke:#000000;stroke-width:1;stroke-opacity:1"
       d="M 360.9246,552.0589 351.2943,549.327 341.9995,545.9561 333.0875,541.7944 324.479,536.9211 316.048,531.3752 307.7439,525.2688 299.4034,518.5391 290.5765,510.9573 281.1571,502.752 271.4815,494.2107 261.7388,485.5006 251.887,477.0677 241.891,469.0858 231.7237,461.6503 221.5389,454.6053 211.411,447.6726 201.7507,440.8949 192.5074,434.5096 183.6069,428.4529 174.8975,422.7552 166.0451,417.5076 156.833,412.7198 147.4164,408.3034 137.6576,404.3086 127.3635,400.6844 116.439,397.4443 104.9163,394.7471 92.89308,392.6938 80.56088,391.1696 71.99448,390.4137 "
      id = "51" />
<path  style="fill:none;stroke:#000000;stroke-width:1;stroke-opacity:1"
       d="M 362.7878,547.1109 353.6503,543.7338 344.8215,539.973 336.2991,535.5507 328.0756,530.505 320.0856,524.8904 312.1749,518.7786 304.1623,512.1055 295.7118,504.6057 286.8177,496.5624 277.5333,488.1951 268.058,479.7594 258.477,471.469 248.7007,463.4945 238.8584,455.9261 228.9729,448.7108 219.1789,441.4515 210.0725,434.1933 201.6171,427.1352 193.4792,420.3065 185.4843,413.7547 177.3577,407.544 168.7605,401.705 159.7192,396.2871 150.2971,391.2061 140.3798,386.6 129.775,382.4804 118.3892,379.0019 106.2472,376.0541 93.49355,373.487 80.3521,371.1542 71.95728,369.8235 "
      id = "52" />
<path  style="fill:none;stroke:#000000;stroke-width:1;stroke-opacity:1"
       d="M 365.0009,542.2947 356.4508,538.2971 348.2337,534.1032 340.2384,529.4282 332.6136,524.2878 325.212,518.7432 317.8698,512.7759 310.4359,506.3274 302.6136,499.1714 294.4321,491.5499 285.809,483.7425 276.9292,475.6687 267.8834,467.5847 258.54,459.6756 249.0242,451.9694 239.5289,444.3819 230.1748,436.8742 221.4423,429.3427 213.4761,421.8363 206.143,414.3415 198.8885,407.03 191.539,399.8421 183.8737,392.9716 175.8995,386.3794 167.548,380.2153 158.7208,374.6342 149.2686,369.6175 139.0293,365.2513 127.943,361.5838 115.863,358.5274 103.0274,355.8783 89.591,353.484 75.90166,351.0065 71.98564,350.191 "
      id = "53" />
<path  style="fill:none;stroke:#000000;stroke-width:1;stroke-opacity:1"
       d="M 367.5419,537.6581 359.5705,533.0621 352.0172,528.3625 344.8001,523.4294 337.9705,518.2845 331.4145,512.8725 324.8762,507.1806 318.207,501.1662 311.2183,494.5944 303.9289,487.6422 296.1771,480.4797 288.0772,472.997 279.7981,465.3122 271.3139,457.5896 262.5358,449.8138 253.6093,441.9928 244.6361,434.1978 236.1163,426.3727 228.4185,418.6051 221.4382,410.775 214.8959,402.9525 208.4628,394.9202 201.9409,386.8646 195.3671,378.9129 188.7247,371.247 181.776,364.0244 174.4018,357.3192 166.4479,351.2524 157.7546,345.8524 148.2136,341.2287 137.7654,337.5139 126.2911,334.5408 113.7796,332.4102 100.3788,330.8069 86.37861,328.9497 72.40011,326.1711 71.91785,326.039 "
      id = "54" />
<path  style="fill:none;stroke:#000000;stroke-width:1;stroke-opacity:1"
       d="M 370.4107,533.2013 363.0229,527.9488 356.1778,522.7892 349.8627,517.6226 344.0091,512.3936 338.3275,507.1492 332.6902,501.8721 326.9812,496.4202 320.9945,490.6315 314.7001,484.524 308.0649,478.103 300.9534,471.4092 293.4038,464.2661 285.63,456.7461 277.7492,448.9235 269.648,441.013 261.4384,433.0185 253.3232,424.974 245.6576,416.8259 238.7511,408.613 232.4898,400.4023 226.6654,391.9574 220.9477,383.2683 215.465,374.3205 210.369,365.1878 205.5113,356.0674 200.6425,347.1698 195.4048,338.5468 189.4772,330.3978 182.7132,322.8177 174.8617,315.9234 165.8396,309.9202 155.5289,304.7643 143.9938,300.3544 131.2496,296.6644 117.6094,293.2972 103.3102,290.0769 88.6813,286.6564 74.07883,282.6778 71.91714,281.8923 "
      id = "55" />
<path  style="fill:none;stroke:#000000;stroke-width:1;stroke-opacity:1"
       d="M 373.5789,528.9685 366.8295,523.2107 360.7219,517.6929 355.2311,512.3608 350.1656,507.0988 345.3261,501.9882 340.5995,496.9999 335.9079,491.9603 331.084,486.7687 326.0075,481.356 320.6781,475.6999 314.9901,469.7905 308.843,463.5414 302.1528,456.7437 295.0653,449.3772 287.8318,441.5763 280.3893,433.6456 272.8266,425.5222 265.3353,417.084 258.1966,408.3593 251.6721,399.49 245.9379,390.4774 240.7809,381.1647 235.8886,371.4383 231.455,361.3033 227.5675,350.6512 223.9119,339.7048 219.9962,328.6113 215.5236,317.6288 210.3026,306.9309 204.2986,296.7737 197.5299,287.2568 189.9826,278.3692 181.4398,270.1282 171.6924,262.3909 160.571,255.0128 148.2395,247.8911 135.2326,241.1668 121.9653,234.689 108.9817,228.1696 96.28257,221.2434 84.21808,213.4569 73.05952,204.5116 71.953,203.4988 "
      id = "56" />
<path  style="fill:none;stroke:#000000;stroke-width:1;stroke-opacity:1"
       d="M 377.0467,524.96 370.9766,518.7631 365.6155,512.96 360.857,507.4097 356.5572,502.1449 352.5634,497.1271 348.7684,492.2752 345.1122,487.4782 341.4438,482.6589 337.5046,477.6664 333.3677,472.524 329.0031,467.1464 324.2692,461.5291 319.1986,455.5803 313.8253,449.1287 308.048,442.1258 301.8491,434.6278 295.3723,426.7791 288.8365,418.5655 282.3404,409.7946 275.8617,400.4313 269.7229,390.5929 264.1758,380.4723 259.2571,369.9713 254.9583,358.92 251.1573,347.2785 247.6188,335.2604 244.215,323.0795 240.6459,310.8385 236.895,298.5883 232.7951,286.3762 228.1827,274.3263 222.9936,262.48 217.0603,250.9287 210.2161,239.5771 202.4577,228.1664 193.667,216.3462 184.2097,203.8447 174.5624,190.6477 165.0455,176.6652 155.8718,161.8376 147.2239,146.3958 139.2613,131.0389 132.3434,116.4626 126.5838,102.4926 121.3405,89.22448 115.8626,76.30601 113.6539,71.93208 "
      id = "57" />
<path  style="fill:none;stroke:#000000;stroke-width:1;stroke-opacity:1"
       d="M 380.7792,521.2153 375.3732,514.5676 370.7568,508.4612 366.7777,502.7663 363.2456,497.4658 360.0549,492.5024 357.1243,487.7344 354.4225,483.0659 351.8152,478.4223 349.0335,473.5968 346.0455,468.6045 342.8235,463.5008 339.3015,458.2774 335.4745,452.8669 331.3924,447.1379 327.0854,441.0328 322.5016,434.5258 317.6293,427.5341 312.526,419.9258 307.1949,411.7186 301.623,402.8536 296.0179,393.3557 290.6755,383.2036 285.7935,372.4037 281.428,361.2265 277.7155,349.4017 274.5965,337.2454 271.7066,325.0584 269.1878,312.8185 266.8345,300.5685 264.6592,288.4147 262.4512,276.3418 259.7756,263.9701 256.5383,251.1771 252.3758,237.9317 246.9525,224.556 240.5708,210.7822 233.3752,196.1919 225.6765,180.3596 217.6891,163.2517 209.726,145.3575 202.4073,127.274 196.2174,109.7627 191.2733,93.33017 187.0627,77.9462 185.3958,71.97429 "
      id = "58" />
<path  style="fill:none;stroke:#000000;stroke-width:1;stroke-opacity:1"
       d="M 384.7766,517.7346 380.0956,510.6935 376.1978,504.2565 373.0017,498.3752 370.2495,492.9449 367.8681,487.8947 365.7891,483.1551 364.0038,478.576 362.3368,474.0526 360.5708,469.4198 358.6154,464.6471 356.4086,459.745 353.8879,454.682 351.062,449.3976 347.947,443.839 344.7245,437.9861 341.4016,431.8366 337.9344,425.3708 334.1445,418.5569 329.8397,411.3374 325.1149,403.5593 320.0938,395.254 314.9723,386.4854 310.0699,377.2045 305.5457,367.2784 301.6224,356.7236 298.5642,345.6852 296.2375,334.126 294.2839,322.2567 292.6143,310.2892 291.1732,298.5169 289.9561,287.0408 288.5611,275.5952 286.9934,264.0271 285.2057,252.3183 282.861,240.4041 279.5424,227.9994 275.0473,214.8584 269.4943,201.0361 262.8863,186.4782 255.0373,170.8673 246.2849,153.9142 237.7023,135.9385 229.5706,117.5478 222.439,99.83553 215.9294,83.65494 211.4585,71.98196 "
      id = "59" />
<path  style="fill:none;stroke:#000000;stroke-width:1;stroke-opacity:1"
       d="M 388.9989,514.5524 385.0305,507.1522 381.8618,500.4478 379.4107,494.3471 377.4445,488.6967 375.8401,483.4395 374.5281,478.4903 373.459,473.7426 372.4817,469.058 371.4052,464.28 370.17,459.3469 368.726,454.2469 367.0951,448.9803 365.247,443.5777 363.1801,438.0562 360.9381,432.3594 358.5454,426.5037 355.9473,420.4344 353.1451,414.0712 350.1726,407.422 346.9547,400.5746 343.536,393.4689 339.8293,385.991 336.1123,378.1419 332.3922,369.8476 328.9326,361.0209 325.8751,351.5522 323.5349,341.5938 321.914,331.2972 320.9876,320.6678 320.5899,309.8149 320.3867,298.9415 320.2213,288.1131 320.2206,277.3022 320.3148,266.4317 320.3506,255.5317 319.9689,244.5787 318.9357,233.4713 316.9513,222.1164 313.7157,210.2009 309.1138,197.8311 302.9506,184.9179 295.0807,170.9964 285.7472,156.1161 275.5728,140.5348 265.7088,124.1538 256.4961,107.3597 247.7424,90.75821 239.2767,75.08029 237.6366,71.98837 "
      id = "60" />
<path  style="fill:none;stroke:#000000;stroke-width:1;stroke-opacity:1"
       d="M 393.4462,511.6689 390.197,503.9474 387.7194,496.9759 385.9196,490.6233 384.4811,484.7672 383.4196,479.2682 382.7005,474.0221 382.2309,468.9709 381.934,463.9893 381.7449,458.9993 381.5258,453.9456 381.182,448.8023 380.7321,443.6581 380.2273,438.5368 379.6603,433.3831 378.9764,428.2187 378.2039,423.0455 377.3889,417.8892 376.4809,412.6971 375.4498,407.4704 374.3521,402.1845 373.1764,396.7627 371.8197,391.1351 370.2875,385.1942 368.6784,378.8997 367.1112,372.2207 365.7877,365.2156 364.7941,358.0199 364.3477,350.5936 364.469,342.95 365.096,335.0876 366.2233,327.324 367.8324,319.7389 369.8589,312.218 372.2653,304.6007 374.8762,296.8741 377.666,289.2105 380.5653,281.4926 383.396,273.3497 385.9022,264.7274 387.9119,255.6471 389.5652,246.0886 390.7753,235.9069 391.4089,225.0373 391.2826,213.3216 390.1487,200.8181 387.989,187.8194 384.6786,174.7693 379.9685,161.6618 373.7474,148.5244 366.1193,135.3465 357.532,121.7529 348.1058,107.8665 338.1617,93.72963 328.0984,78.87726 323.3457,71.9501 "
      id = "61" />
<path  style="fill:none;stroke:#000000;stroke-width:1;stroke-opacity:1"
       d="M 398.0742,509.1125 395.6077,501.0257 393.9034,493.6966 392.7681,487.0496 392.0742,480.9281 391.8097,475.1198 391.8922,469.5989 392.2984,464.3139 392.8738,459.1409 393.4576,453.9837 394.0002,448.8909 394.5053,443.8032 394.9936,438.7813 395.4894,433.7653 395.9695,428.7855 396.4715,423.8571 397.0159,419.0167 397.5425,414.2386 398.0356,409.5244 398.5041,404.9359 398.9968,400.4507 399.6125,396.064 400.3597,391.7575 401.2036,387.4824 402.1704,383.2285 403.2556,378.9414 404.4352,374.6073 405.7101,370.2122 407.1232,365.7471 408.7527,361.1708 410.558,356.6078 412.5506,352.1321 414.7653,347.7289 417.1734,343.4284 419.75,339.208 422.4919,335.0768 425.4171,330.9691 428.543,326.8029 431.8169,322.5989 435.0824,318.3264 438.3183,313.9619 441.376,309.32 444.1534,304.3891 446.6528,298.9722 448.8556,292.9748 450.8319,286.3059 452.5693,278.8542 453.9909,270.4449 455.1676,260.9611 456.0004,250.1993 456.3931,237.9901 456.2936,224.3767 455.6628,209.562 454.4238,194.1694 452.0016,178.3734 448.4503,162.2881 444.0797,146.9185 438.9997,132.4426 433.6443,118.2338 428.1488,104.308 422.8403,90.62711 417.6765,77.21423 415.7077,71.9715 "
      id = "62" />
<path  style="fill:none;stroke:#000000;stroke-width:1;stroke-opacity:1"
       d="M 402.883,506.8834 401.2473,498.4138 400.3214,490.777 400.025,483.86 400.2739,477.4518 400.9344,471.4192 401.9621,465.6565 403.1909,460.0387 404.4285,454.4644 405.5923,448.9563 406.7058,443.5023 407.749,438.128 408.8722,432.89 410.0609,427.817 411.3349,422.8966 412.6595,418.1102 414.0013,413.4517 415.2887,408.8836 416.5452,404.3961 417.8005,400.0396 419.1526,395.8156 420.6366,391.711 422.2493,387.6776 423.9844,383.6747 425.8772,379.6611 427.9128,375.6148 430.043,371.5406 432.3806,367.4484 434.9041,363.3479 437.5877,359.2805 440.36,355.2074 443.2003,351.1165 446.0059,346.9815 448.7395,342.8241 451.3257,338.5923 453.7146,334.2479 455.9514,329.7299 458.0421,324.9713 460.0157,319.9589 461.8618,314.6086 463.5606,308.8882 465.0885,302.6926 466.3292,295.9747 467.3117,288.6164 468.0691,280.4931 468.7274,271.5192 469.3427,261.502 469.9111,250.1548 470.2128,237.3447 470.1935,223.0751 469.6285,207.6958 468.3205,191.8305 466.3185,175.695 463.2867,159.4037 459.2051,143.589 454.2604,128.6863 448.8611,114.3318 443.6009,100.3359 438.615,86.61807 433.6346,73.03364 433.2818,71.99173 "
      id = "63" />
<path  style="fill:none;stroke:#000000;stroke-width:1;stroke-opacity:1"
       d="M 407.8248,505.0037 407.0868,496.2129 407.0681,488.3384 407.6475,481.1937 408.7883,474.5202 410.3658,468.2003 412.1639,462.04 413.9926,455.9911 415.826,450.1282 417.6553,444.3777 419.4204,438.783 421.1638,433.2845 422.9018,427.8994 424.7162,422.6772 426.5955,417.5986 428.3811,412.6185 430.1117,407.7056 431.9252,402.9194 433.8235,398.2523 435.774,393.735 437.8096,389.3348 439.9423,385.03 442.2201,380.7659 444.6452,376.4919 447.2097,372.1986 449.8383,367.8697 452.4901,363.5268 455.0647,359.1213 457.5703,354.6469 459.9951,350.1791 462.3132,345.6811 464.4757,341.0371 466.4788,336.1664 468.32,330.9953 470.032,325.5326 471.5921,319.6873 472.9726,313.4553 474.2285,306.7744 475.3316,299.5573 476.2714,291.7543 476.9804,283.3115 477.5161,274.106 478.1378,263.9023 478.7556,252.3411 479.2655,239.397 479.598,225.0862 479.3844,209.4951 478.5718,193.3963 477.1261,177.1464 474.7017,160.8404 471.3065,144.9505 467.0831,129.7107 462.3338,115.2753 457.479,101.2551 452.6594,87.44521 448.1107,73.75132 447.565,71.93137 "
      id = "64" />
<path  style="fill:none;stroke:#000000;stroke-width:1;stroke-opacity:1"
       d="M 412.8994,503.4734 413.1034,494.4486 414.0286,486.3428 415.4839,478.9028 417.4493,471.911 419.824,465.212 422.3612,458.741 424.7911,452.4326 427.152,446.2679 429.3786,440.2804 431.5143,434.3538 433.6055,428.5054 435.6492,422.7578 437.6322,417.1581 439.6221,411.7376 441.7148,406.5013 443.885,401.4093 446.1518,396.4354 448.4968,391.5447 450.8682,386.6797 453.3549,381.8452 455.9629,376.97 458.6331,372.0558 461.2544,367.1374 463.7141,362.2056 466.0371,357.2475 468.3131,352.3059 470.5443,347.3083 472.6922,342.1713 474.6686,336.7644 476.4687,331.0297 478.1083,324.8847 479.5223,318.3392 480.7744,311.3395 481.9646,303.811 483.1581,295.6887 484.1908,286.9775 485.0225,277.5677 485.8439,267.2407 486.6305,255.6046 487.3758,242.6029 488.0129,228.2351 488.2518,212.4862 487.9014,196.3677 486.9875,180.1439 485.0444,163.9698 482.1274,148.1006 478.5039,132.8628 474.3607,118.3546 470.0838,104.4882 465.7309,90.82806 461.571,77.09019 460.2463,71.95848 "
      id = "65" />
<path  style="fill:none;stroke:#000000;stroke-width:1;stroke-opacity:1"
       d="M 418.0565,502.3077 419.0935,492.9316 420.8337,484.4782 423.0842,476.7227 425.8054,469.3785 428.8088,462.3138 431.7682,455.4291 434.6021,448.7409 437.3169,442.2266 439.8651,435.8071 442.2351,429.5493 444.5039,423.3866 446.761,417.37 449.0008,411.5179 451.4153,405.8918 453.9511,400.365 456.5622,394.8654 459.2712,389.4066 462.1031,383.9675 464.9835,378.5378 467.7511,373.0814 470.2628,367.6833 472.5058,362.2701 474.726,356.8846 476.9169,351.4751 479.074,345.9926 481.1268,340.2533 483.0238,334.1936 484.6998,327.7042 486.1851,320.7886 487.5268,313.3729 488.734,305.3711 490.0675,296.809 491.3174,287.618 492.4134,277.6809 493.4807,266.8296 494.5041,254.7173 495.4464,241.2277 496.3563,226.3282 496.8383,210.4258 496.7237,194.2849 495.9958,178.1994 494.1312,162.2437 491.4388,146.6126 488.2436,131.6682 484.7275,117.6085 481.0898,104.093 477.3772,90.59564 473.8029,76.93721 472.6496,71.96919 "
      id = "66" />
<path  style="fill:none;stroke:#000000;stroke-width:1;stroke-opacity:1"
       d="M 423.296,501.5068 425.1245,491.7596 427.5638,482.9527 430.5045,474.8737 433.761,467.1873 437.1468,459.7554 440.4699,452.5126 443.6691,445.4775 446.6432,438.6039 449.3737,431.8683 452.0233,425.3149 454.6945,418.9387 457.4062,412.7319 460.2759,406.7142 463.218,400.837 466.2131,395.0445 469.2642,389.296 472.3,383.5645 475.1411,377.8517 477.7303,372.0726 480.0805,366.2514 482.3628,360.47 484.6273,354.6649 486.8519,348.774 488.9913,342.6204 490.9375,336.0768 492.537,329.0728 493.9956,321.6023 495.2774,313.6124 496.5037,305.0632 497.7672,295.8026 499.149,285.8289 500.4232,275.0888 501.7347,263.3716 503.0896,250.439 504.3641,236.2246 505.438,220.8062 506.074,204.8297 506.0306,188.9001 505.1099,173.06 503.3046,157.2988 500.8566,141.9309 498.0583,127.4637 495.0911,113.8922 492.0226,100.7793 489.1333,87.58278 486.2794,74.31042 485.7886,71.96118 "
      id = "67" />
<path  style="fill:none;stroke:#000000;stroke-width:1;stroke-opacity:1"
       d="M 428.5659,501.0789 431.0687,490.9966 434.1052,481.8363 437.5564,473.3694 441.2114,465.3415 444.8978,457.601 448.4846,450.1317 451.8742,442.8763 455.0676,435.751 458.2567,428.8844 461.3514,422.2683 464.4133,415.8933 467.5172,409.6332 470.6917,403.4946 473.9308,397.493 477.1621,391.5415 480.3449,385.4823 483.27,379.3128 485.9349,373.0927 488.4151,366.9341 490.8017,360.8509 493.1849,354.753 495.558,348.5482 497.7979,342.0001 499.6922,334.957 501.2654,327.3406 502.6405,319.2279 503.9502,310.5858 505.3256,301.2667 506.7647,291.0947 508.2529,280.0668 509.7323,268.2068 511.2431,255.3381 512.7858,241.3507 514.1774,226.2622 515.4499,210.461 516.0097,194.6749 515.6144,179.0085 514.6478,163.4776 513.0283,148.0096 510.9833,133.1283 508.6637,119.303 506.2271,106.2421 503.8812,93.49501 501.5902,80.83183 499.9697,71.97891 "
      id = "68" />
<path  style="fill:none;stroke:#000000;stroke-width:1;stroke-opacity:1"
       d="M 433.8659,501.0237 436.9352,490.64 440.4959,481.1324 444.4193,472.3076 448.3831,463.9627 452.327,455.9992 456.0987,448.3886 459.8322,440.9885 463.5014,433.8221 467.0426,426.9811 470.4539,420.3737 473.7492,413.9275 477.0873,407.6386 480.4929,401.4698 483.9723,395.1985 487.3127,388.736 490.3749,382.1398 493.1979,375.5499 495.9304,369.0569 498.5557,362.6717 501.1365,356.3027 503.6372,349.8256 505.9087,343.0452 507.864,335.7478 509.5613,327.9299 511.0732,319.5302 512.5813,310.5086 514.0886,300.7569 515.5589,290.0648 516.9907,278.3473 518.5511,265.8655 520.2352,252.445 521.8508,237.9653 523.4126,222.4257 524.8904,206.601 525.5479,190.8577 525.4659,175.319 525.0378,159.9475 524.0114,144.7455 522.5309,130.0383 520.8878,116.324 519.1121,103.3629 517.3898,90.71857 515.3969,78.2884 514.3929,71.96809 "
      id = "69" />
<path  style="fill:none;stroke:#000000;stroke-width:1;stroke-opacity:1"
       d="M 439.1436,501.3416 442.6824,490.6159 446.718,480.7827 451.0936,471.648 455.4167,463.0205 459.6548,454.9562 463.8073,447.298 467.8877,439.8686 471.8635,432.7389 475.72,425.8965 479.37,419.2167 482.9498,412.7667 486.5313,406.3706 490.108,399.8808 493.5215,393.1405 496.7538,386.2606 499.7725,379.403 502.6944,372.6315 505.5298,365.9606 508.2717,359.3409 510.8837,352.658 513.2828,345.7311 515.4412,338.3685 517.3221,330.4473 519.0756,321.9345 520.7599,312.7621 522.4005,302.8612 523.9584,292.0092 525.4141,280.1082 527.0005,267.5228 528.656,254.0917 530.3954,239.7349 532.1943,224.2982 533.9243,208.4748 535.1118,192.9188 535.6432,177.5102 535.8848,162.2722 535.6795,147.4242 535.1068,132.8856 534.2901,118.9096 533.1937,105.6615 532.0932,92.7877 530.7772,80.17811 529.7741,71.93839 "
      id = "70" />
<path  style="fill:none;stroke:#000000;stroke-width:1;stroke-opacity:1"
       d="M 444.3986,502.0326 448.5405,490.9667 453.0847,480.7928 457.9104,471.3479 462.5843,462.5569 467.1049,454.466 471.5867,446.8074 476.0091,439.4348 480.3778,432.3217 484.5582,425.4181 488.4915,418.7489 492.2577,412.1577 495.8503,405.5123 499.2903,398.6766 502.5202,391.6844 505.5944,384.691 508.5578,377.7541 511.4926,370.9483 514.3557,364.2037 517.1547,357.4282 519.8385,350.5061 522.2676,343.2222 524.4628,335.3519 526.5331,326.9405 528.4546,317.8717 530.2023,308.0191 531.8847,297.3622 533.5311,285.757 535.2097,273.3278 537.0031,260.4001 538.9554,246.7238 541.0322,231.9745 543.0924,216.4098 544.9021,200.9691 546.1807,185.7549 547.1122,170.7442 547.8435,155.8902 548.1226,141.2513 547.9467,126.9742 547.7027,113.2097 547.3649,100.0475 546.9127,87.07369 546.1523,74.23724 545.9965,71.94254 "
      id = "71" />
<path  style="fill:none;stroke:#000000;stroke-width:1;stroke-opacity:1"
       d="M 449.579,503.09 454.3821,491.7373 459.537,481.2467 464.7744,471.5627 469.7682,462.6826 474.6825,454.5704 479.5418,446.9209 484.2386,439.5289 488.7598,432.4536 492.9953,425.6199 496.9207,418.854 500.635,412.1294 504.1553,405.3456 507.4359,398.4166 510.597,391.4082 513.6422,384.4208 516.6082,377.5917 519.5373,370.8516 522.4741,364.1137 525.3717,357.3011 528.0669,350.2432 530.6154,342.6951 533.0944,334.561 535.3911,325.7855 537.4929,316.2644 539.4072,305.9676 541.2524,294.9347 543.01,283.1536 544.9655,270.8508 547.1968,258.055 549.4967,244.5385 551.8414,230.1341 554.298,215.142 556.3898,200.1089 558.0121,185.2563 559.6414,170.6453 561.1382,156.0828 562.1851,141.6159 562.7719,127.0772 563.35,113.0628 563.7178,99.40682 563.9377,85.95659 564.1573,72.50125 564.1584,71.90126 "
      id = "72" />
<path  style="fill:none;stroke:#000000;stroke-width:1;stroke-opacity:1"
       d="M 454.6845,504.5136 460.0852,492.9935 465.7526,482.2469 471.3566,472.4187 476.678,463.4364 481.9024,455.2887 487.0099,447.6326 491.9756,440.3183 496.5555,433.3034 500.7713,426.4166 504.6801,419.5934 508.4121,412.8102 511.9984,406.0508 515.2813,399.2303 518.3895,392.3522 521.4547,385.5853 524.5247,378.972 527.5919,372.4142 530.6387,365.8127 533.6638,359.0797 536.5245,352.0038 539.3274,344.4047 542.0372,336.1761 544.5516,327.2688 546.8384,317.6704 548.9564,307.3044 550.918,296.3281 552.8132,284.8597 555.1008,272.8779 557.6317,260.3399 560.2133,247.3996 562.6186,234.0425 565.2758,220.1062 567.7708,205.7723 569.9897,191.4035 572.217,177.0762 574.5884,162.8048 576.6493,148.2371 578.3091,133.605 579.7186,118.9284 580.902,104.4688 581.8268,90.04342 582.793,75.65578 583.0234,71.96289 "
      id = "73" />
<path  style="fill:none;stroke:#000000;stroke-width:1;stroke-opacity:1"
       d="M 459.6646,506.2894 465.6622,494.681 471.8297,483.7521 477.7509,473.8477 483.278,464.7862 488.7056,456.5948 494.019,448.9445 499.0527,441.7516 503.66,434.7982 507.9006,427.9665 511.8837,421.1988 515.6796,414.5172 519.2942,407.9794 522.6255,401.4426 525.7143,394.9576 528.7042,388.5406 531.7015,382.2172 534.8125,375.9515 537.9923,369.6495 541.1237,363.1497 544.1431,356.3557 547.1025,349.0107 549.9655,341.0959 552.587,332.5486 555.0901,323.2956 557.5088,313.3017 559.7629,302.7157 561.9863,291.6134 564.5234,280.1576 567.3398,268.2492 570.1861,256.1532 572.8994,243.7867 575.712,231.2169 578.5612,218.1533 581.39,204.6884 584.1964,190.8508 587.0983,176.7702 590.0251,162.4909 592.5264,147.9162 594.9569,132.8553 597.2809,117.5484 599.4306,101.9992 601.427,86.37267 603.0908,71.96913 "
      id = "74" />
<path  style="fill:none;stroke:#000000;stroke-width:1;stroke-opacity:1"
       d="M 464.519,508.4172 471.0751,496.7752 477.6736,485.8789 483.9789,475.9575 489.7289,466.9067 495.2796,458.6774 500.6725,451.0865 505.735,443.9915 510.4279,437.0839 514.8311,430.3742 518.985,423.8658 522.8676,417.531 526.5195,411.3838 529.8577,405.346 532.9738,399.4036 535.9763,393.5483 538.8891,387.7119 541.8546,381.9059 544.9436,376.0548 548.1042,370.0233 551.2896,363.7285 554.3146,357.0775 557.2938,349.9544 560.1501,342.2138 562.8599,333.6953 565.5355,324.4523 568.1821,314.581 570.754,304.1797 573.4473,293.3574 576.4155,282.351 579.5333,271.029 582.6289,259.6297 585.7926,248.1408 589.0842,236.4575 592.5219,224.3557 596.22,211.7654 600.0198,198.6303 603.8621,184.9429 607.9196,170.6318 611.9191,155.8601 615.8027,140.465 619.6002,124.5597 623.3266,108.0625 626.8945,91.20697 629.9847,74.58063 630.4824,71.92681 "
      id = "75" />
<path  style="fill:none;stroke:#000000;stroke-width:1;stroke-opacity:1"
       d="M 469.1997,510.8761 476.1982,499.2809 483.2645,488.4982 489.8627,478.6718 495.8896,469.7168 501.6016,461.6119 507.0556,454.1488 512.2392,447.1797 517.1428,440.4369 521.7821,433.9834 526.1661,427.7757 530.2739,421.8627 534.1106,416.1785 537.6234,410.7859 540.8325,405.5551 543.8347,400.4501 546.6893,395.4074 549.4418,390.3441 552.3007,385.1721 555.3326,379.8217 558.4546,374.2444 561.6378,368.3453 564.7493,362.1234 567.7456,355.4702 570.6323,348.2537 573.4052,340.3807 576.089,331.7712 578.7426,322.6345 581.4393,313.0626 584.2687,303.1822 587.2762,293.0832 590.579,282.686 594.1657,272.0395 597.9381,261.4044 601.9378,250.8678 606.0742,240.14 610.6063,229.2186 615.552,217.9598 620.744,206.082 626.0657,193.4016 631.5165,180.0531 637.2295,165.7816 643.5128,150.6902 649.7114,134.6815 655.6259,118.0327 661.2383,100.7577 666.4542,83.44846 670.0064,71.98606 "
      id = "76" />
<path  style="fill:none;stroke:#000000;stroke-width:1;stroke-opacity:1"
       d="M 473.7064,513.6659 481.083,502.1464 488.6144,491.5025 495.6122,481.8834 502.036,473.1282 507.9816,465.2003 513.6006,457.9227 518.9998,451.1095 524.2399,444.702 529.2416,438.645 533.9556,432.955 538.3332,427.6322 542.3411,422.6828 546.0321,418.1604 549.3748,413.9124 552.3763,409.8236 555.1761,405.8678 557.8376,402.0031 560.5027,398.1106 563.2377,394.1145 566.0339,389.9154 568.818,385.4359 571.6374,380.64 574.4484,375.4798 577.2524,369.9865 579.9673,364.1084 582.6163,357.8587 585.2562,351.139 587.8976,343.9598 590.5804,336.2207 593.3187,328.077 596.1922,319.6156 599.1506,310.9011 602.2522,301.8666 605.6335,292.482 609.4009,282.7327 613.4631,272.983 617.9949,263.3373 622.9868,253.6123 628.3794,243.9571 634.2709,234.424 640.4115,224.6602 646.7892,214.1709 653.4697,202.6989 660.3434,190.2867 667.8451,176.7863 676.1907,162.1517 684.7062,146.7648 693.4004,131.0282 701.9946,115.2026 710.4111,99.79338 718.4396,84.69527 724.9681,71.9709 "
      id = "77" />
<path  style="fill:none;stroke:#000000;stroke-width:1;stroke-opacity:1"
       d="M 477.9945,516.7589 485.8095,505.3186 493.7591,494.8098 501.1931,485.4443 508.0507,476.943 514.3658,469.1893 520.3191,462.2217 526.1205,455.9388 531.7663,450.1169 537.143,444.7027 542.1044,439.8173 546.6716,435.3875 550.9117,431.4186 554.8661,427.8975 558.5723,424.7469 562.0217,421.8591 565.2625,419.1298 568.3378,416.5055 571.2989,413.9755 574.196,411.5152 577.0132,409.0688 579.7852,406.6035 582.5446,404.0861 585.2381,401.4326 587.7615,398.5634 590.1433,395.5334 592.4147,392.3462 594.6061,389.0093 596.7971,385.5008 599.0142,381.7917 601.1962,377.8712 603.3606,373.6491 605.5535,369.0798 607.7654,364.1305 609.9115,358.7813 611.986,353.0176 614.1087,346.8295 616.3298,340.3377 618.7227,333.7125 621.3278,326.9544 624.2429,320.0073 627.6129,312.8082 631.5208,305.3663 635.8578,297.75 640.5335,290.1754 645.4739,282.8266 650.7033,275.6402 656.2245,268.4286 662.09,261.0364 668.1926,253.393 674.6697,245.1953 681.6858,236.3649 689.4341,226.6375 697.8649,215.9174 706.4391,204.4035 714.9238,192.0982 723.5594,178.9578 732.248,165.4496 741.1463,151.7397 750.4342,138.2777 759.8879,125.3298 769.5608,112.439 779.9437,99.30457 790.4264,85.50325 792.046,83.09713 "
      id = "78" />
<path  style="fill:none;stroke:#000000;stroke-width:1;stroke-opacity:1"
       d="M 482.0635,520.1555 490.3105,508.8489 498.6945,498.6042 506.5492,489.4659 513.8698,481.213 520.6813,473.8253 527.079,467.3423 533.3115,461.6112 539.3403,456.519 544.9756,452.0698 550.1658,448.2069 555.0784,444.8674 559.7721,442.0426 564.235,439.7402 568.4731,437.9327 572.5007,436.5368 576.3278,435.4742 579.943,434.6605 583.3422,433.9868 586.5794,433.2853 589.6778,432.532 592.6519,431.7162 595.5213,430.8026 598.3422,429.7796 601.1569,428.6751 603.9489,427.5008 606.7108,426.2519 609.4401,424.9287 612.1677,423.5326 614.9081,422.0465 617.6808,420.5051 620.5025,418.9445 623.2824,417.3538 625.9761,415.7589 628.576,414.1564 631.0839,412.5179 633.5063,410.8134 635.8607,409.0392 638.1704,407.1678 640.4508,405.1706 642.7055,403.0318 644.938,400.7347 647.1516,398.2616 649.3497,395.5936 651.5372,392.7209 653.7463,389.6743 656.016,386.4046 658.3555,382.9467 660.7335,379.2979 663.1246,375.3987 665.6097,371.1898 668.265,366.6961 671.1635,361.896 674.2652,356.7395 677.5818,351.324 681.295,345.8207 685.4766,340.2452 690.1471,334.5777 695.2938,328.8091 700.7996,322.8724 706.8867,316.4837 713.4467,309.6919 720.4592,302.34 728.0739,294.2316 736.634,285.1933 746.1172,274.7811 756.3291,263.1545 766.5549,250.5433 776.6354,236.4511 786.4133,221.494 792.0225,212.9743 "
      id = "79" />
<path  style="fill:none;stroke:#000000;stroke-width:1;stroke-opacity:1"
       d="M 485.8734,523.8215 494.5761,512.7347 503.4235,502.7773 511.7618,493.9429 519.6155,486.0329 526.98,479.0482 533.856,473.0329 540.4814,467.9271 546.797,463.7009 552.7801,460.1924 558.4225,457.2894 563.7344,454.9872 568.758,453.1721 573.5242,451.7754 578.0452,450.7547 582.3698,450.017 586.4509,449.4196 590.2959,448.8453 593.9775,448.2523 597.5442,447.6022 601.0408,446.8733 604.5627,446.1087 608.1129,445.2913 611.6761,444.3626 615.2939,443.3197 618.9191,442.1707 622.5125,440.9491 626.075,439.7251 629.6025,438.46 633.0997,437.1465 636.536,435.7342 639.8983,434.2677 643.2007,432.759 646.4527,431.1989 649.6631,429.5753 652.836,427.865 656.0112,426.0394 659.2353,424.0808 662.562,421.9798 665.9366,419.6691 669.3612,417.1338 672.864,414.4071 676.4575,411.4545 680.1686,408.2345 683.9901,404.7195 687.8898,400.9488 691.8156,396.9433 695.7584,392.6917 699.7545,388.2659 703.8295,383.676 708.1265,378.9506 712.6844,374.0954 717.4914,369.0256 722.5992,363.7091 727.9236,357.9354 733.6864,351.7517 740.0787,345.0562 747.1836,337.6633 754.85,329.4105 763.1467,320.0311 772.0357,309.2321 781.7543,296.8369 792.0058,283.2755 "
      id = "80" />
<path  style="fill:none;stroke:#000000;stroke-width:1;stroke-opacity:1"
       d="M 489.424,527.7568 498.6016,516.9808 507.9711,507.3944 516.9258,499.0073 525.3049,491.5575 533.192,485.1511 540.5904,479.7043 547.5946,475.394 554.2252,471.9724 560.5547,469.2454 566.6065,467.1567 572.3405,465.6354 577.7928,464.5461 583.0156,463.7499 587.997,463.1269 592.7197,462.5778 597.2261,461.9735 601.6542,461.2868 606.0834,460.5288 610.5828,459.7247 615.1212,458.7505 619.6685,457.5862 624.1863,456.2071 628.6281,454.6827 633.0395,453.1085 637.3523,451.51 641.5796,449.8737 645.7739,448.11 649.9416,446.2013 654.062,444.176 658.1591,442.0204 662.2764,439.7626 666.4393,437.3647 670.7016,434.7864 675.1274,431.9559 679.7751,428.8444 684.7032,425.5122 689.8627,421.9576 695.2786,418.1732 700.9195,414.1454 706.6651,409.8951 712.5653,405.427 718.5526,400.8452 724.5527,396.1875 730.6731,391.2741 736.9109,385.9269 743.3121,380.1619 750.0274,373.9727 757.2213,367.2957 765.0203,360.1227 773.4352,352.2642 782.3471,343.6281 791.5507,333.7563 792.0551,333.1355 "
      id = "81" />
<path  style="fill:none;stroke:#000000;stroke-width:1;stroke-opacity:1"
       d="M 492.6801,531.9224 502.3458,521.5993 512.2272,512.562 521.7368,504.6311 530.7064,497.6903 539.2438,491.7891 547.2725,486.9276 554.7559,483.1726 561.9055,480.3044 568.7413,478.2031 575.2939,476.7241 581.5822,475.6363 587.5457,474.7856 593.2,474.058 598.6111,473.3867 603.9449,472.6206 609.2886,471.7423 614.5788,470.6212 619.7997,469.234 625.0406,467.573 630.2066,465.6911 635.3005,463.7011 640.3483,461.7558 645.3911,459.8193 650.409,457.8557 655.4222,455.752 660.4322,453.4656 665.4794,450.938 670.5986,448.1931 675.8669,445.2879 681.397,442.1715 687.2413,438.8215 693.4031,435.3089 699.8624,431.5235 706.6035,427.476 713.6983,423.4061 721.116,419.3927 728.7147,415.2829 736.4164,411.0182 744.2692,406.5482 752.3035,401.8108 760.5465,396.6358 769.0105,390.9486 777.7133,384.7881 786.5999,377.9887 792.0259,373.5646 "
      id = "82" />
<path  style="fill:none;stroke:#000000;stroke-width:1;stroke-opacity:1"
       d="M 495.6415,536.3182 505.809,526.5684 516.19,518.0786 526.3265,510.6511 535.9435,504.3143 545.0552,499.0373 553.6434,494.7509 561.7239,491.5557 569.4618,489.3114 576.8501,487.7827 583.8929,486.5583 590.4754,485.4128 596.6859,484.3975 602.7188,483.3897 608.72,482.2404 614.6522,480.8715 620.5111,479.2853 626.3006,477.4972 632.1003,475.4706 637.8764,473.3878 643.6396,471.1611 649.337,468.8396 655.0322,466.5019 660.7831,464.1158 666.6074,461.554 672.6019,458.7502 678.8246,455.7159 685.2963,452.4841 692.0737,448.958 699.1821,445.1521 706.7126,441.2717 714.6887,437.41 723.0179,433.6366 731.7094,430.0434 740.6979,426.5616 750.0842,423.1112 759.7313,419.3382 769.6915,415.2651 779.9047,410.8123 790.2684,406.0773 792.0738,405.218 "
      id = "83" />
<path  style="fill:none;stroke:#000000;stroke-width:1;stroke-opacity:1"
       d="M 498.2791,540.9006 508.8476,531.7858 519.6263,523.7819 530.3284,516.9139 540.5353,511.1654 550.1808,506.4097 559.3137,502.6699 568.0355,499.9781 576.3318,498.1605 584.1069,496.6734 591.4016,495.3869 598.2654,494.1102 604.923,492.8277 611.5422,491.4061 618.0492,489.6902 624.4437,487.766 630.774,485.6967 637.08,483.5177 643.3949,481.2549 649.7139,478.816 655.9656,476.1979 662.2165,473.4339 668.6134,470.7001 675.2089,467.8835 682.1259,464.878 689.3904,461.6366 696.9559,458.1232 704.8921,454.4253 713.2803,450.8227 722.2441,447.2736 731.6624,443.8213 741.5005,440.6746 751.9028,437.8961 762.7856,435.2039 774.1472,432.3906 785.9691,429.3339 792.0637,427.7419 "
      id = "84" />
<path  style="fill:none;stroke:#000000;stroke-width:1;stroke-opacity:1"
       d="M 500.5926,545.6693 511.4633,537.2803 522.5788,529.7952 533.6746,523.4588 544.3695,518.2615 554.4958,513.941 564.1594,510.6473 573.4965,508.3623 582.259,506.6848 590.42,505.1519 598.0003,503.6657 605.2801,502.2157 612.3603,500.6936 619.2492,498.8689 625.9774,496.7396 632.6198,494.4618 639.1995,492.0595 645.8158,489.6692 652.4466,487.1086 659.1238,484.3577 665.873,481.5015 672.7173,478.5315 679.7786,475.5702 687.1404,472.5517 694.8961,469.4375 703.1581,466.1766 711.8591,462.8995 721.0922,459.8021 730.9061,456.875 741.2465,454.1601 752.3585,451.8519 764.1553,449.9337 776.5479,448.0294 789.5574,446.0115 792.0262,445.6209 "
      id = "85" />
<path  style="fill:none;stroke:#000000;stroke-width:1;stroke-opacity:1"
       d="M 502.5591,550.5771 513.66,542.9473 524.9345,536.1101 536.3484,530.3788 547.4882,525.6481 558.0661,521.7158 568.191,518.7451 577.8264,516.637 586.7709,515.0649 594.9875,513.6012 602.7476,512.2224 610.1943,510.7883 617.3579,509.153 624.2824,507.1405 630.9802,504.8998 637.4384,502.6078 643.8795,500.123 650.3997,497.5761 656.9827,494.9025 663.7059,492.053 670.5767,489.1579 677.6248,486.2378 685.0269,483.292 692.7278,480.3476 700.9019,477.4421 709.7162,474.6798 719.1558,472.0603 729.1752,469.6313 739.6967,467.4473 750.8575,465.5827 762.9333,464.1179 775.7011,462.8626 789.1077,461.67 792.0978,461.4283 "
      id = "86" />
<path  style="fill:none;stroke:#000000;stroke-width:1;stroke-opacity:1"
       d="M 504.1786,555.624 515.4021,548.8525 526.8047,542.745 538.3401,537.6774 549.719,533.4456 560.6342,529.9869 570.9918,527.3804 580.6244,525.5856 589.5857,524.1985 597.8873,522.9402 605.7787,521.6599 613.3057,520.2359 620.4946,518.6025 627.3515,516.7031 633.7678,514.6898 639.9113,512.5634 645.9824,510.2565 652.1404,507.7257 658.4689,505.0003 664.988,502.213 671.7468,499.3432 678.757,496.471 686.1369,493.5509 693.9012,490.5741 702.1866,487.7966 711.0972,485.4634 720.8245,483.5036 731.2458,481.8093 742.2432,480.399 753.7961,479.1391 766.0768,478.2262 779.1548,477.6394 792.0516,477.2773 "
      id = "87" />
<path  style="fill:none;stroke:#000000;stroke-width:1;stroke-opacity:1"
       d="M 505.435,560.7597 516.7224,554.8967 528.192,549.5988 539.7495,545.2614 551.052,541.7513 562.0179,538.985 572.3464,536.9935 581.9386,535.7336 590.9801,534.8638 599.4119,534.0775 607.3196,533.1323 614.8393,531.9803 621.8385,530.5842 628.4146,529.0137 634.5252,527.2078 640.3041,525.1863 645.9591,522.8275 651.6174,520.1654 657.4047,517.3204 663.4,514.4459 669.6645,511.5908 676.1733,508.7319 683.0221,505.8759 690.3348,503.0537 698.1058,500.2409 706.556,497.6331 715.7819,495.5809 725.8851,494.0123 736.7718,492.8381 748.3667,491.9508 760.589,491.2678 773.5201,490.9423 787.2442,491.0759 792.043,491.2019 "
      id = "88" />
<path  style="fill:none;stroke:#000000;stroke-width:1;stroke-opacity:1"
       d="M 72,72 792,72 792,1080 72,1080 72,72 "
      id = "89" />
</svg>
