<svg
   width="864"
   height = "1152"
   version="1.1"
   id="svg2"
   xmlns="http://www.w3.org/2000/svg"
   xmlns:svg="http://www.w3.org/2000/svg">
  <defs
     id="defs6" />

<path  style="fill:none;stroke:#000000;stroke-width:2;stroke-opacity:1"
       d="M 71,924.4 71.2,924.4 71.4,924.4 71.6,924.4 71.8,924.4 72,924.4 72.2,924.4 72.4,924.4 72.6,924.4 72.8,924.4 73,924.4 73.2,924.4 73.4,924.4 73.6,924.4 73.8,924.4 74,924.4 74.2,924.4 74.4,924.4 74.6,924.4 74.8,924.4 75,924.4 75.2,924.4 75.4,924.4 75.6,924.4 75.8,924.4 76,924.4 76.2,924.4 76.4,924.4 76.6,924.4 76.8,924.4 77,924.4 77.2,924.4 77.4,924.4 77.6,924.4 77.8,924.4 78,924.4 78.2,924.4 78.4,924.4 78.6,924.4 78.8,924.4 79,924.4 79.2,924.4 79.4,924.4 79.6,924.4 79.8,924.4 80,924.4 80.2,924.4 80.4,924.4 80.60001,924.4 80.8,924.4 81,924.4 81.2,924.4 81.4,924.4 81.60001,924.4 81.8,924.4 82,924.4 82.2,924.4 82.4,924.4 82.60001,924.4 82.8,924.4 83,924.4 83.2,924.4 83.4,924.4 83.60001,924.4 83.8,924.4 84,924.4 84.2,924.4 84.4,924.4 84.60001,924.4 84.8,924.4 85,924.4 85.2,924.4 85.4,924.4 85.60001,924.4 "
      id = "0" />
<path  style="fill:none;stroke:#000000;stroke-width:2;stroke-opacity:1"
       d="M 70.8,924.4 70.6,924.4 70.4,924.4 70.2,924.4 70,924.4 69.8,924.4 69.6,924.4 69.4,924.4 69.2,924.4 69,924.4 68.8,924.4 68.6,924.4 68.4,924.4 68.2,924.4 68,924.4 67.8,924.4 67.6,924.4 67.4,924.4 67.2,924.4 67,924.4 66.8,924.4 66.6,924.4 66.4,924.4 66.2,924.4 66,924.4 65.8,924.4 65.6,924.4 65.4,924.4 65.2,924.4 65,924.4 64.8,924.4 64.6,924.4 64.4,924.4 64.2,924.4 64,924.4 63.8,924.4 63.6,924.4 63.4,924.4 63.2,924.4 63,924.4 62.8,924.4 62.6,924.4 62.4,924.4 62.2,924.4 62,924.4 61.8,924.4 61.6,924.4 61.4,924.4 61.2,924.4 61,924.4 60.8,924.4 60.6,924.4 60.4,924.4 60.2,924.4 60,924.4 59.8,924.4 59.6,924.4 59.4,924.4 59.2,924.4 59,924.4 58.8,924.4 58.6,924.4 58.4,924.4 58.2,924.4 58,924.4 57.8,924.4 57.6,924.4 57.4,924.4 57.2,924.4 57,924.4 56.8,924.4 56.6,924.4 "
      id = "1" />
<path  style="fill:none;stroke:#000000;stroke-width:2;stroke-opacity:1"
       d="M 120.8,924.4 121,924.4 121.2,924.4 121.4,924.4 121.6,924.4 121.8,924.4 122,924.4 122.2,924.4 122.4,924.4 122.6,924.4 122.8,924.4 123,924.4 123.2,924.4 123.4,924.4 123.6,924.4 123.8,924.4 124,924.4 124.2,924.4 124.4,924.4 124.6,924.4 124.8,924.4 125,924.4 125.2,924.4 125.4,924.4 125.6,924.4 125.8,924.4 126,924.4 126.2,924.4 126.4,924.4 126.6,924.4 126.8,924.4 127,924.4 127.2,924.4 127.4,924.4 127.6,924.4 127.8,924.4 128,924.4 128.2,924.4 128.4,924.4 128.6,924.4 128.8,924.4 129,924.4 129.2,924.4 129.4,924.4 129.6,924.4 129.8,924.4 130,924.4 130.2,924.4 130.4,924.4 130.6,924.4 130.8,924.4 131,924.4 131.2,924.4 131.4,924.4 131.6,924.4 131.8,924.4 132,924.4 132.2,924.4 132.4,924.4 132.6,924.4 132.8,924.4 133,924.4 133.2,924.4 133.4,924.4 133.6,924.4 133.8,924.4 134,924.4 134.2,924.4 134.4,924.4 134.6,924.4 134.8,924.4 135,924.4 135.2,924.4 135.4,924.4 "
      id = "2" />
<path  style="fill:none;stroke:#000000;stroke-width:2;stroke-opacity:1"
       d="M 120.6,924.4 120.4,924.4 120.2,924.4 120,924.4 119.8,924.4 119.6,924.4 119.4,924.4 119.2,924.4 119,924.4 118.8,924.4 118.6,924.4 118.4,924.4 118.2,924.4 118,924.4 117.8,924.4 117.6,924.4 117.4,924.4 117.2,924.4 117,924.4 116.8,924.4 116.6,924.4 116.4,924.4 116.2,924.4 116,924.4 115.8,924.4 115.6,924.4 115.4,924.4 115.2,924.4 115,924.4 114.8,924.4 114.6,924.4 114.4,924.4 114.2,924.4 114,924.4 113.8,924.4 113.6,924.4 113.4,924.4 113.2,924.4 113,924.4 112.8,924.4 112.6,924.4 112.4,924.4 112.2,924.4 112,924.4 111.8,924.4 111.6,924.4 111.4,924.4 111.2,924.4 111,924.4 110.8,924.4 110.6,924.4 110.4,924.4 110.2,924.4 110,924.4 109.8,924.4 109.6,924.4 109.4,924.4 109.2,924.4 109,924.4 108.8,924.4 108.6,924.4 108.4,924.4 108.2,924.4 108,924.4 107.8,924.4 107.6,924.4 107.4,924.4 107.2,924.4 107,924.4 106.8,924.4 106.6,924.4 106.4,924.4 "
      id = "3" />
<path  style="fill:none;stroke:#000000;stroke-width:2;stroke-opacity:1"
       d="M 192,924.4 192.2,924.4 192.4,924.4 192.6,924.4 192.8,924.4 193,924.4 193.2,924.4 193.4,924.4 193.6,924.4 193.8,924.4 194,924.4 194.2,924.4 194.4,924.4 194.6,924.4 194.8,924.4 195,924.4 195.2,924.4 195.4,924.4 195.6,924.4 195.8,924.4 196,924.4 196.2,924.4 196.4,924.4 196.6,924.4 196.8,924.4 197,924.4 197.2,924.4 197.4,924.4 197.6,924.4 197.8,924.4 198,924.4 198.2,924.4 198.4,924.4 198.6,924.4 198.8,924.4 199,924.4 199.2,924.4 199.4,924.4 199.6,924.4 199.8,924.4 200,924.4 200.2,924.4 200.4,924.4 200.6,924.4 200.8,924.4 201,924.4 201.2,924.4 201.4,924.4 201.6,924.4 201.8,924.4 202,924.4 202.2,924.4 202.4,924.4 202.6,924.4 202.8,924.4 203,924.4 203.2,924.4 203.4,924.4 203.6,924.4 203.8,924.4 204,924.4 204.2,924.4 204.4,924.4 204.6,924.4 204.8,924.4 205,924.4 205.2,924.4 205.4,924.4 205.6,924.4 205.8,924.4 206,924.4 206.2,924.4 206.4,924.4 206.6,924.4 206.8,924.4 207,924.4 207.2,924.4 207.4,924.4 207.6,924.4 207.8,924.4 208,924.4 208.2,924.4 208.4,924.4 208.6,924.4 208.8,924.4 209,924.4 209.2,924.4 209.4,924.4 209.6,924.4 209.8,924.4 210,924.4 210.2,924.4 210.4,924.4 210.6,924.4 210.8,924.4 211,924.4 211.2,924.4 211.4,924.4 211.6,924.4 211.8,924.4 212,924.4 212.2,924.4 212.4,924.4 212.6,924.4 212.8,924.4 213,924.4 213.2,924.4 213.4,924.4 213.6,924.4 213.8,924.4 214,924.4 214.2,924.4 214.4,924.4 214.6,924.4 214.8,924.4 215,924.4 215.2,924.4 215.4,924.4 215.6,924.4 215.8,924.4 216,924.4 216.2,924.4 216.4,924.4 216.6,924.4 216.8,924.4 217,924.4 217.2,924.4 217.4,924.4 217.6,924.4 217.8,924.4 218,924.4 218.2,924.4 218.4,924.4 218.6,924.4 218.8,924.4 219,924.4 219.2,924.4 219.4,924.4 219.6,924.4 219.8,924.4 220,924.4 220.2,924.4 220.4,924.4 "
      id = "4" />
<path  style="fill:none;stroke:#000000;stroke-width:2;stroke-opacity:1"
       d="M 191.8,924.4 191.6,924.4 191.4,924.4 191.2,924.4 191,924.4 190.8,924.4 190.6,924.4 190.4,924.4 190.2,924.4 190,924.4 189.8,924.4 189.6,924.4 189.4,924.4 189.2,924.4 189,924.4 188.8,924.4 188.6,924.4 188.4,924.4 188.2,924.4 188,924.4 187.8,924.4 187.6,924.4 187.4,924.4 187.2,924.4 187,924.4 186.8,924.4 186.6,924.4 186.4,924.4 186.2,924.4 186,924.4 185.8,924.4 185.6,924.4 185.4,924.4 185.2,924.4 185,924.4 184.8,924.4 184.6,924.4 184.4,924.4 184.2,924.4 184,924.4 183.8,924.4 183.6,924.4 183.4,924.4 183.2,924.4 183,924.4 182.8,924.4 182.6,924.4 182.4,924.4 182.2,924.4 182,924.4 181.8,924.4 181.6,924.4 181.4,924.4 181.2,924.4 181,924.4 180.8,924.4 180.6,924.4 180.4,924.4 180.2,924.4 180,924.4 179.8,924.4 179.6,924.4 179.4,924.4 179.2,924.4 179,924.4 178.8,924.4 178.6,924.4 178.4,924.4 178.2,924.4 178,924.4 177.8,924.4 177.6,924.4 177.4,924.4 177.2,924.4 177,924.4 176.8,924.4 176.6,924.4 176.4,924.4 176.2,924.4 176,924.4 175.8,924.4 175.6,924.4 175.4,924.4 175.2,924.4 175,924.4 174.8,924.4 174.6,924.4 174.4,924.4 174.2,924.4 174,924.4 173.8,924.4 173.6,924.4 173.4,924.4 173.2,924.4 173,924.4 172.8,924.4 172.6,924.4 172.4,924.4 172.2,924.4 172,924.4 171.8,924.4 171.6,924.4 171.4,924.4 171.2,924.4 171,924.4 170.8,924.4 170.6,924.4 170.4,924.4 170.2,924.4 170,924.4 169.8,924.4 169.6,924.4 169.4,924.4 169.2,924.4 169,924.4 168.8,924.4 168.6,924.4 168.4,924.4 168.2,924.4 168,924.4 167.8,924.4 167.6,924.4 167.4,924.4 167.2,924.4 167,924.4 166.8,924.4 166.6,924.4 166.4,924.4 166.2,924.4 166,924.4 165.8,924.4 165.6,924.4 165.4,924.4 165.2,924.4 165,924.4 164.8,924.4 164.6,924.4 164.4,924.4 164.2,924.4 164,924.4 163.8,924.4 163.6,924.4 "
      id = "5" />
<path  style="fill:none;stroke:#000000;stroke-width:2;stroke-opacity:1"
       d="M 245,924.4 245.2,924.4 245.4,924.4 245.6,924.4 245.8,924.4 246,924.4 246.2,924.4 "
      id = "6" />
<path  style="fill:none;stroke:#000000;stroke-width:2;stroke-opacity:1"
       d="M 244.8,924.4 244.6,924.4 244.4,924.4 244.2,924.4 244,924.4 244.8,924.4 "
      id = "7" />
<path  style="fill:none;stroke:#000000;stroke-width:2;stroke-opacity:1"
       d="M 271,924.4 271.2,924.4 271.4,924.4 271.6,924.4 270.8,924.4 270.6,924.4 270.4,924.4 271,924.4 "
      id = "8" />
<path  style="fill:none;stroke:#000000;stroke-width:2;stroke-opacity:1"
       d="M 289,924.4 289.2,924.4 289.4,924.4 289.6,924.4 289.8,924.4 290,924.4 290.2,924.4 290.4,924.4 290.6,924.4 290.8,924.4 291,924.4 291.2,924.4 291.4,924.4 291.6,924.4 291.8,924.4 292,924.4 292.2,924.4 292.4,924.4 292.6,924.4 292.8,924.4 293,924.4 293.2,924.4 293.4,924.4 293.6,924.4 293.8,924.4 294,924.4 294.2,924.4 294.4,924.4 294.6,924.4 294.8,924.4 295,924.4 295.2,924.4 295.4,924.4 295.6,924.4 295.8,924.4 296,924.4 296.2,924.4 296.4,924.4 296.6,924.4 296.8,924.4 297,924.4 297.2,924.4 297.4,924.4 297.6,924.4 297.8,924.4 298,924.4 298.2,924.4 298.4,924.4 298.6,924.4 298.8,924.4 299,924.4 299.2,924.4 299.4,924.4 299.6,924.4 299.8,924.4 300,924.4 300.2,924.4 300.4,924.4 300.6,924.4 300.8,924.4 301,924.4 301.2,924.4 301.4,924.4 301.6,924.4 301.8,924.4 302,924.4 302.2,924.4 302.4,924.4 302.6,924.4 302.8,924.4 303,924.4 303.2,924.4 303.4,924.4 303.6,924.4 "
      id = "9" />
<path  style="fill:none;stroke:#000000;stroke-width:2;stroke-opacity:1"
       d="M 288.8,924.4 288.6,924.4 288.4,924.4 288.2,924.4 288,924.4 287.8,924.4 287.6,924.4 287.4,924.4 287.2,924.4 287,924.4 286.8,924.4 286.6,924.4 286.4,924.4 286.2,924.4 286,924.4 285.8,924.4 285.6,924.4 285.4,924.4 285.2,924.4 285,924.4 284.8,924.4 284.6,924.4 284.4,924.4 284.2,924.4 284,924.4 283.8,924.4 283.6,924.4 283.4,924.4 283.2,924.4 283,924.4 282.8,924.4 282.6,924.4 282.4,924.4 282.2,924.4 282,924.4 281.8,924.4 281.6,924.4 281.4,924.4 281.2,924.4 281,924.4 280.8,924.4 280.6,924.4 280.4,924.4 280.2,924.4 280,924.4 279.8,924.4 279.6,924.4 279.4,924.4 279.2,924.4 279,924.4 278.8,924.4 278.6,924.4 278.4,924.4 278.2,924.4 278,924.4 277.8,924.4 277.6,924.4 277.4,924.4 277.2,924.4 277,924.4 276.8,924.4 276.6,924.4 276.4,924.4 276.2,924.4 276,924.4 275.8,924.4 275.6,924.4 275.4,924.4 275.2,924.4 275,924.4 274.8,924.4 274.6,924.4 "
      id = "10" />
<path  style="fill:none;stroke:#000000;stroke-width:2;stroke-opacity:1"
       d="M 331.2,924.4 331.4,924.4 331.6,924.4 331.8,924.4 332,924.4 331,924.4 330.8,924.4 330.6,924.4 330.4,924.4 331.2,924.4 "
      id = "11" />
<path  style="fill:none;stroke:#000000;stroke-width:2;stroke-opacity:1"
       d="M 341.2,924.4 341.4,924.4 341.6,924.4 341.8,924.4 342,924.4 342.2,924.4 342.4,924.4 342.6,924.4 "
      id = "12" />
<path  style="fill:none;stroke:#000000;stroke-width:2;stroke-opacity:1"
       d="M 341,924.4 340.8,924.4 340.6,924.4 340.4,924.4 340.2,924.4 340,924.4 "
      id = "13" />
<path  style="fill:none;stroke:#000000;stroke-width:2;stroke-opacity:1"
       d="M 365.6,924.4 365.8,924.4 366,924.4 366.2,924.4 365.4,924.4 365.2,924.4 365.6,924.4 "
      id = "14" />
<path  style="fill:none;stroke:#000000;stroke-width:2;stroke-opacity:1"
       d="M 376.2,924.4 376.4,924.4 376.6,924.4 376.8,924.4 377,924.4 377.2,924.4 377.4,924.4 377.6,924.4 377.8,924.4 378,924.4 378.2,924.4 378.4,924.4 378.6,924.4 378.8,924.4 379,924.4 379.2,924.4 379.4,924.4 379.6,924.4 379.8,924.4 380,924.4 380.2,924.4 380.4,924.4 380.6,924.4 380.8,924.4 381,924.4 381.2,924.4 381.4,924.4 381.6,924.4 381.8,924.4 382,924.4 382.2,924.4 382.4,924.4 382.6,924.4 382.8,924.4 383,924.4 383.2,924.4 383.4,924.4 383.6,924.4 383.8,924.4 384,924.4 384.2,924.4 384.4,924.4 384.6,924.4 384.8,924.4 385,924.4 385.2,924.4 "
      id = "15" />
<path  style="fill:none;stroke:#000000;stroke-width:2;stroke-opacity:1"
       d="M 376,924.4 375.8,924.4 375.6,924.4 375.4,924.4 375.2,924.4 375,924.4 374.8,924.4 374.6,924.4 374.4,924.4 374.2,924.4 374,924.4 373.8,924.4 373.6,924.4 373.4,924.4 373.2,924.4 373,924.4 372.8,924.4 372.6,924.4 372.4,924.4 372.2,924.4 372,924.4 371.8,924.4 371.6,924.4 371.4,924.4 371.2,924.4 371,924.4 370.8,924.4 370.6,924.4 370.4,924.4 370.2,924.4 370,924.4 369.8,924.4 369.6,924.4 369.4,924.4 369.2,924.4 369,924.4 368.8,924.4 368.6,924.4 368.4,924.4 368.2,924.4 368,924.4 367.8,924.4 367.6,924.4 367.4,924.4 367.2,924.4 "
      id = "16" />
<path  style="fill:none;stroke:#000000;stroke-width:2;stroke-opacity:1"
       d="M 391.8,924.4 392,924.4 392.2,924.4 392.4,924.4 392.6,924.4 392.8,924.4 "
      id = "17" />
<path  style="fill:none;stroke:#000000;stroke-width:2;stroke-opacity:1"
       d="M 391.6,924.4 391.4,924.4 391.2,924.4 391,924.4 391.6,924.4 "
      id = "18" />
<path  style="fill:none;stroke:#000000;stroke-width:2;stroke-opacity:1"
       d="M 400,924.4 400.2,924.4 400.4,924.4 400.6,924.4 400.8,924.4 401,924.4 401.2,924.4 401.4,924.4 401.6,924.4 401.8,924.4 402,924.4 402.2,924.4 402.4,924.4 402.6,924.4 402.8,924.4 403,924.4 403.2,924.4 "
      id = "19" />
<path  style="fill:none;stroke:#000000;stroke-width:2;stroke-opacity:1"
       d="M 399.8,924.4 399.6,924.4 399.4,924.4 399.2,924.4 399,924.4 398.8,924.4 398.6,924.4 398.4,924.4 398.2,924.4 398,924.4 397.8,924.4 397.6,924.4 397.4,924.4 397.2,924.4 397,924.4 396.8,924.4 "
      id = "20" />
<path  style="fill:none;stroke:#000000;stroke-width:2;stroke-opacity:1"
       d="M 410,924.4 410.2,924.4 410.4,924.4 410.6,924.4 410.8,924.4 411,924.4 411.2,924.4 411.4,924.4 411.6,924.4 411.8,924.4 412,924.4 412.2,924.4 412.4,924.4 412.6,924.4 "
      id = "21" />
<path  style="fill:none;stroke:#000000;stroke-width:2;stroke-opacity:1"
       d="M 409.8,924.4 409.6,924.4 409.4,924.4 409.2,924.4 409,924.4 408.8,924.4 408.6,924.4 408.4,924.4 408.2,924.4 408,924.4 407.8,924.4 407.6,924.4 "
      id = "22" />
<path  style="fill:none;stroke:#000000;stroke-width:2;stroke-opacity:1"
       d="M 418.8,924.4 419,924.4 419.2,924.4 419.4,924.4 419.6,924.4 419.8,924.4 "
      id = "23" />
<path  style="fill:none;stroke:#000000;stroke-width:2;stroke-opacity:1"
       d="M 418.6,924.4 418.4,924.4 418.2,924.4 418,924.4 418.6,924.4 "
      id = "24" />
<path  style="fill:none;stroke:#000000;stroke-width:2;stroke-opacity:1"
       d="M 421.6,924.4 421.8,924.4 422,924.4 422.2,924.4 422.4,924.4 422.6,924.4 422.8,924.4 "
      id = "25" />
<path  style="fill:none;stroke:#000000;stroke-width:2;stroke-opacity:1"
       d="M 421.4,924.4 421.2,924.4 421,924.4 420.8,924.4 420.6,924.4 420.4,924.4 "
      id = "26" />
<path  style="fill:none;stroke:#000000;stroke-width:2;stroke-opacity:1"
       d="M 426.2,924.4 426.4,924.4 426.6,924.4 426.8,924.4 427,924.4 427.2,924.4 427.4,924.4 427.6,924.4 427.8,924.4 428,924.4 "
      id = "27" />
<path  style="fill:none;stroke:#000000;stroke-width:2;stroke-opacity:1"
       d="M 426,924.4 425.8,924.4 425.6,924.4 425.4,924.4 425.2,924.4 425,924.4 424.8,924.4 424.6,924.4 424.4,924.4 "
      id = "28" />
<path  style="fill:none;stroke:#000000;stroke-width:2;stroke-opacity:1"
       d="M 436.2,924.4 436.4,924.4 436,924.4 436.2,924.4 "
      id = "29" />
<path  style="fill:none;stroke:#000000;stroke-width:2;stroke-opacity:1"
       d="M 439.4,924.4 439.6,924.4 439.8,924.4 440,924.4 440.2,924.4 440.4,924.4 440.6,924.4 440.8,924.4 441,924.4 "
      id = "30" />
<path  style="fill:none;stroke:#000000;stroke-width:2;stroke-opacity:1"
       d="M 439.2,924.4 439,924.4 438.8,924.4 438.6,924.4 438.4,924.4 438.2,924.4 438,924.4 "
      id = "31" />
<path  style="fill:none;stroke:#000000;stroke-width:2;stroke-opacity:1"
       d="M 448.8,924.4 449,924.4 449.2,924.4 449.4,924.4 449.6,924.4 449.8,924.4 450,924.4 450.2,924.4 450.4,924.4 450.6,924.4 450.8,924.4 451,924.4 "
      id = "32" />
<path  style="fill:none;stroke:#000000;stroke-width:2;stroke-opacity:1"
       d="M 448.6,924.4 448.4,924.4 448.2,924.4 448,924.4 447.8,924.4 447.6,924.4 447.4,924.4 447.2,924.4 447,924.4 446.8,924.4 "
      id = "33" />
<path  style="fill:none;stroke:#000000;stroke-width:2;stroke-opacity:1"
       d="M 454.4,924.4 454.6,924.4 454.8,924.4 455,924.4 455.2,924.4 454.2,924.4 454,924.4 453.8,924.4 454.4,924.4 "
      id = "34" />
<path  style="fill:none;stroke:#000000;stroke-width:2;stroke-opacity:1"
       d="M 462.4,924.4 462.6,924.4 462.8,924.4 463,924.4 463.2,924.4 463.4,924.4 463.6,924.4 463.8,924.4 464,924.4 464.2,924.4 464.4,924.4 464.6,924.4 464.8,924.4 465,924.4 465.2,924.4 465.4,924.4 465.6,924.4 465.8,924.4 466,924.4 466.2,924.4 466.4,924.4 466.6,924.4 466.8,924.4 467,924.4 "
      id = "35" />
<path  style="fill:none;stroke:#000000;stroke-width:2;stroke-opacity:1"
       d="M 462.2,924.4 462,924.4 461.8,924.4 461.6,924.4 461.4,924.4 461.2,924.4 461,924.4 460.8,924.4 460.6,924.4 460.4,924.4 460.2,924.4 460,924.4 459.8,924.4 459.6,924.4 459.4,924.4 459.2,924.4 459,924.4 458.8,924.4 458.6,924.4 458.4,924.4 458.2,924.4 458,924.4 "
      id = "36" />
<path  style="fill:none;stroke:#000000;stroke-width:2;stroke-opacity:1"
       d="M 471.8,924.4 472,924.4 472.2,924.4 471.6,924.4 471.8,924.4 "
      id = "37" />
<path  style="fill:none;stroke:#000000;stroke-width:2;stroke-opacity:1"
       d="M 474.4,924.4 474.6,924.4 474.8,924.4 475,924.4 475.2,924.4 475.4,924.4 475.6,924.4 475.8,924.4 "
      id = "38" />
<path  style="fill:none;stroke:#000000;stroke-width:2;stroke-opacity:1"
       d="M 474.2,924.4 474,924.4 473.8,924.4 473.6,924.4 473.4,924.4 473.2,924.4 "
      id = "39" />
<path  style="fill:none;stroke:#000000;stroke-width:2;stroke-opacity:1"
       d="M 477.8,924.4 478,924.4 478.2,924.4 477.6,924.4 477.8,924.4 "
      id = "40" />
<path  style="fill:none;stroke:#000000;stroke-width:2;stroke-opacity:1"
       d="M 481,924.4 481.2,924.4 481.4,924.4 480.8,924.4 480.6,924.4 481,924.4 "
      id = "41" />
<path  style="fill:none;stroke:#000000;stroke-width:2;stroke-opacity:1"
       d="M 484.6,924.4 484.8,924.4 485,924.4 484.4,924.4 484.2,924.4 484.6,924.4 "
      id = "42" />
<path  style="fill:none;stroke:#000000;stroke-width:2;stroke-opacity:1"
       d="M 493.8,924.4 494,924.4 494.2,924.4 494.4,924.4 494.6,924.4 494.8,924.4 495,924.4 495.2,924.4 495.4,924.4 495.6,924.4 495.8,924.4 496,924.4 496.2,924.4 496.4,924.4 496.6,924.4 496.8,924.4 497,924.4 497.2,924.4 497.4,924.4 497.6,924.4 497.8,924.4 498,924.4 498.2,924.4 498.4,924.4 "
      id = "43" />
<path  style="fill:none;stroke:#000000;stroke-width:2;stroke-opacity:1"
       d="M 493.6,924.4 493.4,924.4 493.2,924.4 493,924.4 492.8,924.4 492.6,924.4 492.4,924.4 492.2,924.4 492,924.4 491.8,924.4 491.6,924.4 491.4,924.4 491.2,924.4 491,924.4 490.8,924.4 490.6,924.4 490.4,924.4 490.2,924.4 490,924.4 489.8,924.4 489.6,924.4 489.4,924.4 "
      id = "44" />
<path  style="fill:none;stroke:#000000;stroke-width:2;stroke-opacity:1"
       d="M 501.2,924.4 501.4,924.4 501.6,924.4 501.8,924.4 501,924.4 500.8,924.4 501.2,924.4 "
      id = "45" />
<path  style="fill:none;stroke:#000000;stroke-width:2;stroke-opacity:1"
       d="M 507.8,924.4 508,924.4 508.2,924.4 508.4,924.4 508.6,924.4 508.8,924.4 509,924.4 509.2,924.4 "
      id = "46" />
<path  style="fill:none;stroke:#000000;stroke-width:2;stroke-opacity:1"
       d="M 507.6,924.4 507.4,924.4 507.2,924.4 507,924.4 506.8,924.4 506.6,924.4 506.4,924.4 "
      id = "47" />
<path  style="fill:none;stroke:#000000;stroke-width:2;stroke-opacity:1"
       d="M 513.4,924.4 513.6,924.4 513.8,924.4 514,924.4 514.2,924.4 514.4,924.4 514.6,924.4 514.8,924.4 515,924.4 515.2,924.4 515.4,924.4 515.6,924.4 515.8,924.4 "
      id = "48" />
<path  style="fill:none;stroke:#000000;stroke-width:2;stroke-opacity:1"
       d="M 513.2,924.4 513,924.4 512.8,924.4 512.6,924.4 512.4,924.4 512.2,924.4 512,924.4 511.8,924.4 511.6,924.4 511.4,924.4 511.2,924.4 511,924.4 "
      id = "49" />
<path  style="fill:none;stroke:#000000;stroke-width:2;stroke-opacity:1"
       d="M 519.4,924.4 519.6,924.4 519.8,924.4 520,924.4 520.2,924.4 520.4,924.4 520.6,924.4 520.8,924.4 521,924.4 521.2,924.4 521.4,924.4 "
      id = "50" />
<path  style="fill:none;stroke:#000000;stroke-width:2;stroke-opacity:1"
       d="M 519.2,924.4 519,924.4 518.8,924.4 518.6,924.4 518.4,924.4 518.2,924.4 518,924.4 517.8,924.4 517.6,924.4 517.4,924.4 "
      id = "51" />
<path  style="fill:none;stroke:#000000;stroke-width:2;stroke-opacity:1"
       d="M 551.2,924.4 551.4,924.4 551.6,924.4 551.8,924.4 552,924.4 552.2,924.4 552.4,924.4 552.6,924.4 552.8,924.4 553,924.4 553.2,924.4 553.4,924.4 553.6,924.4 553.8,924.4 554,924.4 554.2,924.4 554.4,924.4 554.6,924.4 554.8,924.4 555,924.4 555.2,924.4 555.4,924.4 555.6,924.4 555.8,924.4 556,924.4 556.2,924.4 556.4,924.4 556.6,924.4 556.8,924.4 557,924.4 557.2,924.4 557.4,924.4 557.6,924.4 557.8,924.4 558,924.4 558.2,924.4 558.4,924.4 558.6,924.4 558.8,924.4 559,924.4 559.2,924.4 559.4,924.4 559.6,924.4 559.8,924.4 560,924.4 560.2,924.4 560.4,924.4 560.6,924.4 560.8,924.4 561,924.4 561.2,924.4 561.4,924.4 561.6,924.4 561.8,924.4 562,924.4 562.2,924.4 562.4,924.4 562.6,924.4 562.8,924.4 563,924.4 563.2,924.4 563.4,924.4 563.6,924.4 563.8,924.4 564,924.4 564.2,924.4 564.4,924.4 564.6,924.4 564.8,924.4 565,924.4 565.2,924.4 565.4,924.4 565.6,924.4 565.8,924.4 566,924.4 566.2,924.4 566.4,924.4 566.6,924.4 566.8,924.4 "
      id = "52" />
<path  style="fill:none;stroke:#000000;stroke-width:2;stroke-opacity:1"
       d="M 551,924.4 550.8,924.4 550.6,924.4 550.4,924.4 550.2,924.4 550,924.4 549.8,924.4 549.6,924.4 549.4,924.4 549.2,924.4 549,924.4 548.8,924.4 548.6,924.4 548.4,924.4 548.2,924.4 548,924.4 547.8,924.4 547.6,924.4 547.4,924.4 547.2,924.4 547,924.4 546.8,924.4 546.6,924.4 546.4,924.4 546.2,924.4 546,924.4 545.8,924.4 545.6,924.4 545.4,924.4 545.2,924.4 545,924.4 544.8,924.4 544.6,924.4 544.4,924.4 544.2,924.4 544,924.4 543.8,924.4 543.6,924.4 543.4,924.4 543.2,924.4 543,924.4 542.8,924.4 542.6,924.4 542.4,924.4 542.2,924.4 542,924.4 541.8,924.4 541.6,924.4 541.4,924.4 541.2,924.4 541,924.4 540.8,924.4 540.6,924.4 540.4,924.4 540.2,924.4 540,924.4 539.8,924.4 539.6,924.4 539.4,924.4 539.2,924.4 539,924.4 538.8,924.4 538.6,924.4 538.4,924.4 538.2,924.4 538,924.4 537.8,924.4 537.6,924.4 537.4,924.4 537.2,924.4 537,924.4 536.8,924.4 536.6,924.4 536.4,924.4 536.2,924.4 536,924.4 535.8,924.4 535.6,924.4 "
      id = "53" />
<path  style="fill:none;stroke:#000000;stroke-width:2;stroke-opacity:1"
       d="M 583,924.4 583.2,924.4 583.4,924.4 583.6,924.4 583.8,924.4 584,924.4 584.2,924.4 584.4,924.4 584.6,924.4 584.8,924.4 "
      id = "54" />
<path  style="fill:none;stroke:#000000;stroke-width:2;stroke-opacity:1"
       d="M 582.8,924.4 582.6,924.4 582.4,924.4 582.2,924.4 582,924.4 581.8,924.4 581.6,924.4 581.4,924.4 "
      id = "55" />
<path  style="fill:none;stroke:#000000;stroke-width:2;stroke-opacity:1"
       d="M 600.4,924.4 600.6,924.4 600.8,924.4 601,924.4 601.2,924.4 601.4,924.4 601.6,924.4 601.8,924.4 602,924.4 602.2,924.4 602.4,924.4 602.6,924.4 602.8,924.4 603,924.4 603.2,924.4 603.4,924.4 603.6,924.4 603.8,924.4 604,924.4 604.2,924.4 604.4,924.4 604.6,924.4 604.8,924.4 605,924.4 605.2,924.4 605.4,924.4 605.6,924.4 605.8,924.4 606,924.4 606.2,924.4 606.4,924.4 606.6,924.4 606.8,924.4 607,924.4 607.2,924.4 607.4,924.4 607.6,924.4 607.8,924.4 608,924.4 608.2,924.4 608.4,924.4 608.6,924.4 608.8,924.4 609,924.4 609.2,924.4 609.4,924.4 609.6,924.4 609.8,924.4 610,924.4 610.2,924.4 610.4,924.4 610.6,924.4 610.8,924.4 611,924.4 611.2,924.4 611.4,924.4 611.6,924.4 611.8,924.4 612,924.4 612.2,924.4 612.4,924.4 612.6,924.4 612.8,924.4 613,924.4 613.2,924.4 "
      id = "56" />
<path  style="fill:none;stroke:#000000;stroke-width:2;stroke-opacity:1"
       d="M 600.2,924.4 600,924.4 599.8,924.4 599.6,924.4 599.4,924.4 599.2,924.4 599,924.4 598.8,924.4 598.6,924.4 598.4,924.4 598.2,924.4 598,924.4 597.8,924.4 597.6,924.4 597.4,924.4 597.2,924.4 597,924.4 596.8,924.4 596.6,924.4 596.4,924.4 596.2,924.4 596,924.4 595.8,924.4 595.6,924.4 595.4,924.4 595.2,924.4 595,924.4 594.8,924.4 594.6,924.4 594.4,924.4 594.2,924.4 594,924.4 593.8,924.4 593.6,924.4 593.4,924.4 593.2,924.4 593,924.4 592.8,924.4 592.6,924.4 592.4,924.4 592.2,924.4 592,924.4 591.8,924.4 591.6,924.4 591.4,924.4 591.2,924.4 591,924.4 590.8,924.4 590.6,924.4 590.4,924.4 590.2,924.4 590,924.4 589.8,924.4 589.6,924.4 589.4,924.4 589.2,924.4 589,924.4 588.8,924.4 588.6,924.4 588.4,924.4 588.2,924.4 588,924.4 587.8,924.4 "
      id = "57" />
<path  style="fill:none;stroke:#000000;stroke-width:2;stroke-opacity:1"
       d="M 630,924.4 630.2,924.4 630.4,924.4 630.6,924.4 630.8,924.4 631,924.4 631.2,924.4 631.4,924.4 631.6,924.4 631.8,924.4 632,924.4 "
      id = "58" />
<path  style="fill:none;stroke:#000000;stroke-width:2;stroke-opacity:1"
       d="M 629.8,924.4 629.6,924.4 629.4,924.4 629.2,924.4 629,924.4 628.8,924.4 628.6,924.4 628.4,924.4 628.2,924.4 628,924.4 "
      id = "59" />
<path  style="fill:none;stroke:#000000;stroke-width:2;stroke-opacity:1"
       d="M 672,924.4 672.2,924.4 672.4,924.4 672.6,924.4 672.8,924.4 673,924.4 673.2,924.4 673.4,924.4 673.6,924.4 673.8,924.4 674,924.4 674.2,924.4 674.4,924.4 674.6,924.4 674.8,924.4 675,924.4 675.2,924.4 675.4,924.4 675.6,924.4 675.8,924.4 676,924.4 676.2,924.4 676.4,924.4 676.6,924.4 676.8,924.4 677,924.4 677.2,924.4 677.4,924.4 677.6,924.4 677.8,924.4 678,924.4 678.2,924.4 678.4,924.4 678.6,924.4 678.8,924.4 679,924.4 679.2,924.4 679.4,924.4 679.6,924.4 679.8,924.4 680,924.4 680.2,924.4 680.4,924.4 680.6,924.4 680.8,924.4 681,924.4 681.2,924.4 681.4,924.4 681.6,924.4 681.8,924.4 682,924.4 682.2,924.4 682.4,924.4 682.6,924.4 682.8,924.4 683,924.4 "
      id = "60" />
<path  style="fill:none;stroke:#000000;stroke-width:2;stroke-opacity:1"
       d="M 671.8,924.4 671.6,924.4 671.4,924.4 671.2,924.4 671,924.4 670.8,924.4 670.6,924.4 670.4,924.4 670.2,924.4 670,924.4 669.8,924.4 669.6,924.4 669.4,924.4 669.2,924.4 669,924.4 668.8,924.4 668.6,924.4 668.4,924.4 668.2,924.4 668,924.4 667.8,924.4 667.6,924.4 667.4,924.4 667.2,924.4 667,924.4 666.8,924.4 666.6,924.4 666.4,924.4 666.2,924.4 666,924.4 665.8,924.4 665.6,924.4 665.4,924.4 665.2,924.4 665,924.4 664.8,924.4 664.6,924.4 664.4,924.4 664.2,924.4 664,924.4 663.8,924.4 663.6,924.4 663.4,924.4 663.2,924.4 663,924.4 662.8,924.4 662.6,924.4 662.4,924.4 662.2,924.4 662,924.4 661.8,924.4 661.6,924.4 661.4,924.4 661.2,924.4 661,924.4 "
      id = "61" />
<path  style="fill:none;stroke:#000000;stroke-width:2;stroke-opacity:1"
       d="M 714,924.4 714.2,924.4 714.4,924.4 714.6,924.4 714.8,924.4 715,924.4 715.2,924.4 715.4,924.4 715.6,924.4 715.8,924.4 716,924.4 "
      id = "62" />
<path  style="fill:none;stroke:#000000;stroke-width:2;stroke-opacity:1"
       d="M 713.8,924.4 713.6,924.4 713.4,924.4 713.2,924.4 713,924.4 712.8,924.4 712.6,924.4 712.4,924.4 712.2,924.4 712,924.4 "
      id = "63" />
<path  style="fill:none;stroke:#000000;stroke-width:2;stroke-opacity:1"
       d="M 731.4,924.4 731.6,924.4 731.8,924.4 732,924.4 732.2,924.4 732.4,924.4 732.6,924.4 732.8,924.4 733,924.4 733.2,924.4 733.4,924.4 733.6,924.4 733.8,924.4 734,924.4 734.2,924.4 734.4,924.4 734.6,924.4 734.8,924.4 735,924.4 735.2,924.4 735.4,924.4 735.6,924.4 735.8,924.4 736,924.4 736.2,924.4 736.4,924.4 736.6,924.4 736.8,924.4 737,924.4 737.2,924.4 737.4,924.4 737.6,924.4 737.8,924.4 738,924.4 738.2,924.4 738.4,924.4 738.6,924.4 738.8,924.4 "
      id = "64" />
<path  style="fill:none;stroke:#000000;stroke-width:2;stroke-opacity:1"
       d="M 731.2,924.4 731,924.4 730.8,924.4 730.6,924.4 730.4,924.4 730.2,924.4 730,924.4 729.8,924.4 729.6,924.4 729.4,924.4 729.2,924.4 729,924.4 728.8,924.4 728.6,924.4 728.4,924.4 728.2,924.4 728,924.4 727.8,924.4 727.6,924.4 727.4,924.4 727.2,924.4 727,924.4 726.8,924.4 726.6,924.4 726.4,924.4 726.2,924.4 726,924.4 725.8,924.4 725.6,924.4 725.4,924.4 725.2,924.4 725,924.4 724.8,924.4 724.6,924.4 724.4,924.4 724.2,924.4 724,924.4 "
      id = "65" />
<path  style="fill:none;stroke:#000000;stroke-width:2;stroke-opacity:1"
       d="M 804.6,924.4 804.8,924.4 805,924.4 805.2,924.4 805.4,924.4 805.6,924.4 805.8,924.4 806,924.4 806.2,924.4 806.4,924.4 806.6,924.4 806.8,924.4 807,924.4 807.2,924.4 807.4,924.4 807.6,924.4 807.8,924.4 808,924.4 808.2,924.4 808.4,924.4 808.6,924.4 808.8,924.4 809,924.4 809.2,924.4 809.4,924.4 809.6,924.4 809.8,924.4 810,924.4 810.2,924.4 810.4,924.4 810.6,924.4 810.8,924.4 811,924.4 811.2,924.4 811.4,924.4 811.6,924.4 811.8,924.4 812,924.4 "
      id = "66" />
<path  style="fill:none;stroke:#000000;stroke-width:2;stroke-opacity:1"
       d="M 804.4,924.4 804.2,924.4 804,924.4 803.8,924.4 803.6,924.4 803.4,924.4 803.2,924.4 803,924.4 802.8,924.4 802.6,924.4 802.4,924.4 802.2,924.4 802,924.4 801.8,924.4 801.6,924.4 801.4,924.4 801.2,924.4 801,924.4 800.8,924.4 800.6,924.4 800.4,924.4 800.2,924.4 800,924.4 799.8,924.4 799.6,924.4 799.4,924.4 799.2,924.4 799,924.4 798.8,924.4 798.6,924.4 798.4,924.4 798.2,924.4 798,924.4 797.8,924.4 797.6,924.4 797.4,924.4 797.2,924.4 "
      id = "67" />
</svg>
