<svg
   width="864"
   height = "1152"
   version="1.1"
   id="svg2"
   xmlns="http://www.w3.org/2000/svg"
   xmlns:svg="http://www.w3.org/2000/svg">
  <defs
     id="defs6" />

<path  style="fill:none;stroke:#000000;stroke-width:2;stroke-opacity:1"
       d="M 54,924.4 54.2,924.4 54.4,924.4 54.6,924.4 54.8,924.4 55,924.4 55.2,924.4 55.4,924.4 55.6,924.4 55.8,924.4 56,924.4 56.2,924.4 "
      id = "0" />
<path  style="fill:none;stroke:#000000;stroke-width:2;stroke-opacity:1"
       d="M 53.8,924.4 53.6,924.4 53.4,924.4 53.2,924.4 53,924.4 52.8,924.4 52.6,924.4 52.4,924.4 52.2,924.4 52,924.4 "
      id = "1" />
<path  style="fill:none;stroke:#000000;stroke-width:2;stroke-opacity:1"
       d="M 96,924.4 96.2,924.4 96.4,924.4 96.60001,924.4 96.8,924.4 97,924.4 97.2,924.4 97.4,924.4 97.60001,924.4 97.8,924.4 98,924.4 98.2,924.4 98.4,924.4 98.60001,924.4 98.8,924.4 99,924.4 99.2,924.4 99.4,924.4 99.60001,924.4 99.8,924.4 100,924.4 100.2,924.4 100.4,924.4 100.6,924.4 100.8,924.4 101,924.4 101.2,924.4 101.4,924.4 101.6,924.4 101.8,924.4 102,924.4 102.2,924.4 102.4,924.4 102.6,924.4 102.8,924.4 103,924.4 103.2,924.4 103.4,924.4 103.6,924.4 103.8,924.4 104,924.4 104.2,924.4 104.4,924.4 104.6,924.4 104.8,924.4 105,924.4 105.2,924.4 105.4,924.4 105.6,924.4 105.8,924.4 106,924.4 "
      id = "2" />
<path  style="fill:none;stroke:#000000;stroke-width:2;stroke-opacity:1"
       d="M 95.8,924.4 95.60001,924.4 95.4,924.4 95.2,924.4 95,924.4 94.8,924.4 94.60001,924.4 94.4,924.4 94.2,924.4 94,924.4 93.8,924.4 93.60001,924.4 93.4,924.4 93.2,924.4 93,924.4 92.8,924.4 92.60001,924.4 92.4,924.4 92.2,924.4 92,924.4 91.8,924.4 91.60001,924.4 91.4,924.4 91.2,924.4 91,924.4 90.8,924.4 90.60001,924.4 90.4,924.4 90.2,924.4 90,924.4 89.8,924.4 89.60001,924.4 89.4,924.4 89.2,924.4 89,924.4 88.8,924.4 88.60001,924.4 88.4,924.4 88.2,924.4 88,924.4 87.8,924.4 87.60001,924.4 87.4,924.4 87.2,924.4 87,924.4 86.8,924.4 86.60001,924.4 86.4,924.4 86.2,924.4 86,924.4 "
      id = "3" />
<path  style="fill:none;stroke:#000000;stroke-width:2;stroke-opacity:1"
       d="M 137.8,924.4 138,924.4 138.2,924.4 138.4,924.4 138.6,924.4 138.8,924.4 139,924.4 139.2,924.4 139.4,924.4 139.6,924.4 139.8,924.4 140,924.4 "
      id = "4" />
<path  style="fill:none;stroke:#000000;stroke-width:2;stroke-opacity:1"
       d="M 137.6,924.4 137.4,924.4 137.2,924.4 137,924.4 136.8,924.4 136.6,924.4 136.4,924.4 136.2,924.4 136,924.4 135.8,924.4 "
      id = "5" />
<path  style="fill:none;stroke:#000000;stroke-width:2;stroke-opacity:1"
       d="M 155.6,924.4 155.8,924.4 156,924.4 156.2,924.4 156.4,924.4 156.6,924.4 156.8,924.4 157,924.4 157.2,924.4 157.4,924.4 157.6,924.4 157.8,924.4 158,924.4 158.2,924.4 158.4,924.4 158.6,924.4 158.8,924.4 159,924.4 159.2,924.4 159.4,924.4 159.6,924.4 159.8,924.4 160,924.4 160.2,924.4 160.4,924.4 160.6,924.4 160.8,924.4 161,924.4 161.2,924.4 161.4,924.4 161.6,924.4 161.8,924.4 162,924.4 162.2,924.4 162.4,924.4 162.6,924.4 162.8,924.4 163,924.4 163.2,924.4 "
      id = "6" />
<path  style="fill:none;stroke:#000000;stroke-width:2;stroke-opacity:1"
       d="M 155.4,924.4 155.2,924.4 155,924.4 154.8,924.4 154.6,924.4 154.4,924.4 154.2,924.4 154,924.4 153.8,924.4 153.6,924.4 153.4,924.4 153.2,924.4 153,924.4 152.8,924.4 152.6,924.4 152.4,924.4 152.2,924.4 152,924.4 151.8,924.4 151.6,924.4 151.4,924.4 151.2,924.4 151,924.4 150.8,924.4 150.6,924.4 150.4,924.4 150.2,924.4 150,924.4 149.8,924.4 149.6,924.4 149.4,924.4 149.2,924.4 149,924.4 148.8,924.4 148.6,924.4 148.4,924.4 148.2,924.4 148,924.4 "
      id = "7" />
<path  style="fill:none;stroke:#000000;stroke-width:2;stroke-opacity:1"
       d="M 228.4,924.4 228.6,924.4 228.8,924.4 229,924.4 229.2,924.4 229.4,924.4 229.6,924.4 229.8,924.4 230,924.4 230.2,924.4 230.4,924.4 230.6,924.4 230.8,924.4 231,924.4 231.2,924.4 231.4,924.4 231.6,924.4 231.8,924.4 232,924.4 232.2,924.4 232.4,924.4 232.6,924.4 232.8,924.4 233,924.4 233.2,924.4 233.4,924.4 233.6,924.4 233.8,924.4 234,924.4 234.2,924.4 234.4,924.4 234.6,924.4 234.8,924.4 235,924.4 235.2,924.4 235.4,924.4 235.6,924.4 235.8,924.4 236,924.4 "
      id = "8" />
<path  style="fill:none;stroke:#000000;stroke-width:2;stroke-opacity:1"
       d="M 228.2,924.4 228,924.4 227.8,924.4 227.6,924.4 227.4,924.4 227.2,924.4 227,924.4 226.8,924.4 226.6,924.4 226.4,924.4 226.2,924.4 226,924.4 225.8,924.4 225.6,924.4 225.4,924.4 225.2,924.4 225,924.4 224.8,924.4 224.6,924.4 224.4,924.4 224.2,924.4 224,924.4 223.8,924.4 223.6,924.4 223.4,924.4 223.2,924.4 223,924.4 222.8,924.4 222.6,924.4 222.4,924.4 222.2,924.4 222,924.4 221.8,924.4 221.6,924.4 221.4,924.4 221.2,924.4 221,924.4 220.8,924.4 "
      id = "9" />
<path  style="fill:none;stroke:#000000;stroke-width:2;stroke-opacity:1"
       d="M 258.2,924.4 258.4,924.4 258.6,924.4 258.8,924.4 259,924.4 259.2,924.4 259.4,924.4 259.6,924.4 259.8,924.4 260,924.4 260.2,924.4 260.4,924.4 260.6,924.4 260.8,924.4 261,924.4 261.2,924.4 261.4,924.4 261.6,924.4 261.8,924.4 262,924.4 262.2,924.4 262.4,924.4 262.6,924.4 262.8,924.4 263,924.4 263.2,924.4 263.4,924.4 263.6,924.4 263.8,924.4 264,924.4 264.2,924.4 264.4,924.4 264.6,924.4 264.8,924.4 265,924.4 265.2,924.4 265.4,924.4 265.6,924.4 265.8,924.4 266,924.4 266.2,924.4 266.4,924.4 266.6,924.4 266.8,924.4 267,924.4 267.2,924.4 267.4,924.4 267.6,924.4 267.8,924.4 268,924.4 268.2,924.4 268.4,924.4 268.6,924.4 268.8,924.4 269,924.4 269.2,924.4 269.4,924.4 269.6,924.4 269.8,924.4 270,924.4 "
      id = "10" />
<path  style="fill:none;stroke:#000000;stroke-width:2;stroke-opacity:1"
       d="M 258,924.4 257.8,924.4 257.6,924.4 257.4,924.4 257.2,924.4 257,924.4 256.8,924.4 256.6,924.4 256.4,924.4 256.2,924.4 256,924.4 255.8,924.4 255.6,924.4 255.4,924.4 255.2,924.4 255,924.4 254.8,924.4 254.6,924.4 254.4,924.4 254.2,924.4 254,924.4 253.8,924.4 253.6,924.4 253.4,924.4 253.2,924.4 253,924.4 252.8,924.4 252.6,924.4 252.4,924.4 252.2,924.4 252,924.4 251.8,924.4 251.6,924.4 251.4,924.4 251.2,924.4 251,924.4 250.8,924.4 250.6,924.4 250.4,924.4 250.2,924.4 250,924.4 249.8,924.4 249.6,924.4 249.4,924.4 249.2,924.4 249,924.4 248.8,924.4 248.6,924.4 248.4,924.4 248.2,924.4 248,924.4 247.8,924.4 247.6,924.4 247.4,924.4 247.2,924.4 247,924.4 246.8,924.4 246.6,924.4 "
      id = "11" />
<path  style="fill:none;stroke:#000000;stroke-width:2;stroke-opacity:1"
       d="M 273,924.4 273.2,924.4 273.4,924.4 273.6,924.4 273.8,924.4 274,924.4 274.2,924.4 "
      id = "12" />
<path  style="fill:none;stroke:#000000;stroke-width:2;stroke-opacity:1"
       d="M 272.8,924.4 272.6,924.4 272.4,924.4 272.2,924.4 272,924.4 272.8,924.4 "
      id = "13" />
<path  style="fill:none;stroke:#000000;stroke-width:2;stroke-opacity:1"
       d="M 317,924.4 317.2,924.4 317.4,924.4 317.6,924.4 317.8,924.4 318,924.4 318.2,924.4 318.4,924.4 318.6,924.4 318.8,924.4 319,924.4 319.2,924.4 319.4,924.4 319.6,924.4 319.8,924.4 320,924.4 320.2,924.4 320.4,924.4 320.6,924.4 320.8,924.4 321,924.4 321.2,924.4 321.4,924.4 321.6,924.4 321.8,924.4 322,924.4 322.2,924.4 322.4,924.4 322.6,924.4 322.8,924.4 323,924.4 323.2,924.4 323.4,924.4 323.6,924.4 323.8,924.4 324,924.4 324.2,924.4 324.4,924.4 324.6,924.4 324.8,924.4 325,924.4 325.2,924.4 325.4,924.4 325.6,924.4 325.8,924.4 326,924.4 326.2,924.4 326.4,924.4 326.6,924.4 326.8,924.4 327,924.4 327.2,924.4 327.4,924.4 327.6,924.4 327.8,924.4 328,924.4 328.2,924.4 328.4,924.4 328.6,924.4 328.8,924.4 329,924.4 329.2,924.4 329.4,924.4 329.6,924.4 329.8,924.4 330,924.4 "
      id = "14" />
<path  style="fill:none;stroke:#000000;stroke-width:2;stroke-opacity:1"
       d="M 316.8,924.4 316.6,924.4 316.4,924.4 316.2,924.4 316,924.4 315.8,924.4 315.6,924.4 315.4,924.4 315.2,924.4 315,924.4 314.8,924.4 314.6,924.4 314.4,924.4 314.2,924.4 314,924.4 313.8,924.4 313.6,924.4 313.4,924.4 313.2,924.4 313,924.4 312.8,924.4 312.6,924.4 312.4,924.4 312.2,924.4 312,924.4 311.8,924.4 311.6,924.4 311.4,924.4 311.2,924.4 311,924.4 310.8,924.4 310.6,924.4 310.4,924.4 310.2,924.4 310,924.4 309.8,924.4 309.6,924.4 309.4,924.4 309.2,924.4 309,924.4 308.8,924.4 308.6,924.4 308.4,924.4 308.2,924.4 308,924.4 307.8,924.4 307.6,924.4 307.4,924.4 307.2,924.4 307,924.4 306.8,924.4 306.6,924.4 306.4,924.4 306.2,924.4 306,924.4 305.8,924.4 305.6,924.4 305.4,924.4 305.2,924.4 305,924.4 304.8,924.4 304.6,924.4 304.4,924.4 304.2,924.4 304,924.4 "
      id = "15" />
<path  style="fill:none;stroke:#000000;stroke-width:2;stroke-opacity:1"
       d="M 352.6,924.4 352.8,924.4 353,924.4 353.2,924.4 353.4,924.4 353.6,924.4 353.8,924.4 354,924.4 354.2,924.4 354.4,924.4 354.6,924.4 354.8,924.4 355,924.4 355.2,924.4 355.4,924.4 355.6,924.4 355.8,924.4 356,924.4 356.2,924.4 356.4,924.4 356.6,924.4 356.8,924.4 357,924.4 357.2,924.4 357.4,924.4 357.6,924.4 357.8,924.4 358,924.4 358.2,924.4 358.4,924.4 358.6,924.4 358.8,924.4 359,924.4 359.2,924.4 359.4,924.4 359.6,924.4 359.8,924.4 360,924.4 360.2,924.4 360.4,924.4 360.6,924.4 360.8,924.4 361,924.4 361.2,924.4 361.4,924.4 361.6,924.4 361.8,924.4 362,924.4 362.2,924.4 "
      id = "16" />
<path  style="fill:none;stroke:#000000;stroke-width:2;stroke-opacity:1"
       d="M 352.4,924.4 352.2,924.4 352,924.4 351.8,924.4 351.6,924.4 351.4,924.4 351.2,924.4 351,924.4 350.8,924.4 350.6,924.4 350.4,924.4 350.2,924.4 350,924.4 349.8,924.4 349.6,924.4 349.4,924.4 349.2,924.4 349,924.4 348.8,924.4 348.6,924.4 348.4,924.4 348.2,924.4 348,924.4 347.8,924.4 347.6,924.4 347.4,924.4 347.2,924.4 347,924.4 346.8,924.4 346.6,924.4 346.4,924.4 346.2,924.4 346,924.4 345.8,924.4 345.6,924.4 345.4,924.4 345.2,924.4 345,924.4 344.8,924.4 344.6,924.4 344.4,924.4 344.2,924.4 344,924.4 343.8,924.4 343.6,924.4 343.4,924.4 343.2,924.4 343,924.4 "
      id = "17" />
<path  style="fill:none;stroke:#000000;stroke-width:2;stroke-opacity:1"
       d="M 363.8,924.4 364,924.4 364.2,924.4 364.4,924.4 364.6,924.4 364.8,924.4 "
      id = "18" />
<path  style="fill:none;stroke:#000000;stroke-width:2;stroke-opacity:1"
       d="M 363.6,924.4 363.4,924.4 363.2,924.4 363,924.4 363.6,924.4 "
      id = "19" />
<path  style="fill:none;stroke:#000000;stroke-width:2;stroke-opacity:1"
       d="M 388,924.4 388.2,924.4 388.4,924.4 388.6,924.4 388.8,924.4 389,924.4 389.2,924.4 389.4,924.4 389.6,924.4 389.8,924.4 390,924.4 390.2,924.4 390.4,924.4 390.6,924.4 "
      id = "20" />
<path  style="fill:none;stroke:#000000;stroke-width:2;stroke-opacity:1"
       d="M 387.8,924.4 387.6,924.4 387.4,924.4 387.2,924.4 387,924.4 386.8,924.4 386.6,924.4 386.4,924.4 386.2,924.4 386,924.4 385.8,924.4 385.6,924.4 "
      id = "21" />
<path  style="fill:none;stroke:#000000;stroke-width:2;stroke-opacity:1"
       d="M 394.8,924.4 395,924.4 395.2,924.4 395.4,924.4 395.6,924.4 395.8,924.4 396,924.4 396.2,924.4 396.4,924.4 "
      id = "22" />
<path  style="fill:none;stroke:#000000;stroke-width:2;stroke-opacity:1"
       d="M 394.6,924.4 394.4,924.4 394.2,924.4 394,924.4 393.8,924.4 393.6,924.4 393.4,924.4 393.2,924.4 "
      id = "23" />
<path  style="fill:none;stroke:#000000;stroke-width:2;stroke-opacity:1"
       d="M 405.4,924.4 405.6,924.4 405.8,924.4 406,924.4 406.2,924.4 406.4,924.4 406.6,924.4 406.8,924.4 407,924.4 407.2,924.4 "
      id = "24" />
<path  style="fill:none;stroke:#000000;stroke-width:2;stroke-opacity:1"
       d="M 405.2,924.4 405,924.4 404.8,924.4 404.6,924.4 404.4,924.4 404.2,924.4 404,924.4 403.8,924.4 403.6,924.4 "
      id = "25" />
<path  style="fill:none;stroke:#000000;stroke-width:2;stroke-opacity:1"
       d="M 415.2,924.4 415.4,924.4 415.6,924.4 415.8,924.4 416,924.4 416.2,924.4 416.4,924.4 416.6,924.4 416.8,924.4 417,924.4 417.2,924.4 417.4,924.4 417.6,924.4 "
      id = "26" />
<path  style="fill:none;stroke:#000000;stroke-width:2;stroke-opacity:1"
       d="M 415,924.4 414.8,924.4 414.6,924.4 414.4,924.4 414.2,924.4 414,924.4 413.8,924.4 413.6,924.4 413.4,924.4 413.2,924.4 413,924.4 "
      id = "27" />
<path  style="fill:none;stroke:#000000;stroke-width:2;stroke-opacity:1"
       d="M 423.6,924.4 423.8,924.4 424,924.4 423.4,924.4 423.2,924.4 423.6,924.4 "
      id = "28" />
<path  style="fill:none;stroke:#000000;stroke-width:2;stroke-opacity:1"
       d="M 437.2,924.4 437.4,924.4 437.6,924.4 437,924.4 436.8,924.4 437.2,924.4 "
      id = "29" />
<path  style="fill:none;stroke:#000000;stroke-width:2;stroke-opacity:1"
       d="M 443.8,924.4 444,924.4 444.2,924.4 444.4,924.4 444.6,924.4 444.8,924.4 445,924.4 445.2,924.4 445.4,924.4 445.6,924.4 445.8,924.4 446,924.4 446.2,924.4 446.4,924.4 "
      id = "30" />
<path  style="fill:none;stroke:#000000;stroke-width:2;stroke-opacity:1"
       d="M 443.6,924.4 443.4,924.4 443.2,924.4 443,924.4 442.8,924.4 442.6,924.4 442.4,924.4 442.2,924.4 442,924.4 441.8,924.4 441.6,924.4 441.4,924.4 "
      id = "31" />
<path  style="fill:none;stroke:#000000;stroke-width:2;stroke-opacity:1"
       d="M 452.4,924.4 452.6,924.4 452.8,924.4 453,924.4 453.2,924.4 453.4,924.4 "
      id = "32" />
<path  style="fill:none;stroke:#000000;stroke-width:2;stroke-opacity:1"
       d="M 452.2,924.4 452,924.4 451.8,924.4 451.6,924.4 451.4,924.4 452.2,924.4 "
      id = "33" />
<path  style="fill:none;stroke:#000000;stroke-width:2;stroke-opacity:1"
       d="M 456.6,924.4 456.8,924.4 457,924.4 457.2,924.4 457.4,924.4 457.6,924.4 "
      id = "34" />
<path  style="fill:none;stroke:#000000;stroke-width:2;stroke-opacity:1"
       d="M 456.4,924.4 456.2,924.4 456,924.4 455.8,924.4 455.6,924.4 456.4,924.4 "
      id = "35" />
<path  style="fill:none;stroke:#000000;stroke-width:2;stroke-opacity:1"
       d="M 468.2,924.4 468.4,924.4 468.6,924.4 468.8,924.4 469,924.4 468,924.4 467.8,924.4 467.6,924.4 467.4,924.4 468.2,924.4 "
      id = "36" />
<path  style="fill:none;stroke:#000000;stroke-width:2;stroke-opacity:1"
       d="M 470.4,924.4 470.6,924.4 470.8,924.4 471,924.4 471.2,924.4 470.2,924.4 470,924.4 469.8,924.4 469.6,924.4 470.4,924.4 "
      id = "37" />
<path  style="fill:none;stroke:#000000;stroke-width:2;stroke-opacity:1"
       d="M 479.4,924.4 479.6,924.4 479.8,924.4 480,924.4 480.2,924.4 479.2,924.4 479,924.4 478.8,924.4 478.6,924.4 479.4,924.4 "
      id = "38" />
<path  style="fill:none;stroke:#000000;stroke-width:2;stroke-opacity:1"
       d="M 482.8,924.4 483,924.4 483.2,924.4 483.4,924.4 483.6,924.4 483.8,924.4 "
      id = "39" />
<path  style="fill:none;stroke:#000000;stroke-width:2;stroke-opacity:1"
       d="M 482.6,924.4 482.4,924.4 482.2,924.4 482,924.4 481.8,924.4 482.6,924.4 "
      id = "40" />
<path  style="fill:none;stroke:#000000;stroke-width:2;stroke-opacity:1"
       d="M 487.2,924.4 487.4,924.4 487.6,924.4 487.8,924.4 488,924.4 488.2,924.4 488.4,924.4 488.6,924.4 488.8,924.4 489,924.4 "
      id = "41" />
<path  style="fill:none;stroke:#000000;stroke-width:2;stroke-opacity:1"
       d="M 487,924.4 486.8,924.4 486.6,924.4 486.4,924.4 486.2,924.4 486,924.4 485.8,924.4 485.6,924.4 485.4,924.4 "
      id = "42" />
<path  style="fill:none;stroke:#000000;stroke-width:2;stroke-opacity:1"
       d="M 499.6,924.4 499.8,924.4 500,924.4 500.2,924.4 500.4,924.4 499.4,924.4 499.2,924.4 499,924.4 498.8,924.4 499.6,924.4 "
      id = "43" />
<path  style="fill:none;stroke:#000000;stroke-width:2;stroke-opacity:1"
       d="M 504,924.4 504.2,924.4 504.4,924.4 504.6,924.4 504.8,924.4 505,924.4 505.2,924.4 505.4,924.4 505.6,924.4 505.8,924.4 506,924.4 "
      id = "44" />
<path  style="fill:none;stroke:#000000;stroke-width:2;stroke-opacity:1"
       d="M 503.8,924.4 503.6,924.4 503.4,924.4 503.2,924.4 503,924.4 502.8,924.4 502.6,924.4 502.4,924.4 502.2,924.4 "
      id = "45" />
<path  style="fill:none;stroke:#000000;stroke-width:2;stroke-opacity:1"
       d="M 510,924.4 510.2,924.4 510.4,924.4 510.6,924.4 509.8,924.4 509.6,924.4 510,924.4 "
      id = "46" />
<path  style="fill:none;stroke:#000000;stroke-width:2;stroke-opacity:1"
       d="M 516.6,924.4 516.8,924.4 517,924.4 516.4,924.4 516.2,924.4 516.6,924.4 "
      id = "47" />
<path  style="fill:none;stroke:#000000;stroke-width:2;stroke-opacity:1"
       d="M 522.6,924.4 522.8,924.4 523,924.4 523.2,924.4 523.4,924.4 522.4,924.4 522.2,924.4 522,924.4 521.8,924.4 522.6,924.4 "
      id = "48" />
<path  style="fill:none;stroke:#000000;stroke-width:2;stroke-opacity:1"
       d="M 533.6,924.4 533.8,924.4 534,924.4 534.2,924.4 534.4,924.4 534.6,924.4 534.8,924.4 535,924.4 535.2,924.4 "
      id = "49" />
<path  style="fill:none;stroke:#000000;stroke-width:2;stroke-opacity:1"
       d="M 533.4,924.4 533.2,924.4 533,924.4 532.8,924.4 532.6,924.4 532.4,924.4 532.2,924.4 532,924.4 "
      id = "50" />
<path  style="fill:none;stroke:#000000;stroke-width:2;stroke-opacity:1"
       d="M 571.2,924.4 571.4,924.4 571.6,924.4 571.8,924.4 572,924.4 572.2,924.4 572.4,924.4 572.6,924.4 572.8,924.4 573,924.4 573.2,924.4 573.4,924.4 573.6,924.4 573.8,924.4 574,924.4 574.2,924.4 574.4,924.4 574.6,924.4 574.8,924.4 575,924.4 575.2,924.4 575.4,924.4 "
      id = "51" />
<path  style="fill:none;stroke:#000000;stroke-width:2;stroke-opacity:1"
       d="M 571,924.4 570.8,924.4 570.6,924.4 570.4,924.4 570.2,924.4 570,924.4 569.8,924.4 569.6,924.4 569.4,924.4 569.2,924.4 569,924.4 568.8,924.4 568.6,924.4 568.4,924.4 568.2,924.4 568,924.4 567.8,924.4 567.6,924.4 567.4,924.4 567.2,924.4 "
      id = "52" />
<path  style="fill:none;stroke:#000000;stroke-width:2;stroke-opacity:1"
       d="M 578.6,924.4 578.8,924.4 579,924.4 579.2,924.4 579.4,924.4 579.6,924.4 579.8,924.4 580,924.4 580.2,924.4 580.4,924.4 580.6,924.4 580.8,924.4 581,924.4 "
      id = "53" />
<path  style="fill:none;stroke:#000000;stroke-width:2;stroke-opacity:1"
       d="M 578.4,924.4 578.2,924.4 578,924.4 577.8,924.4 577.6,924.4 577.4,924.4 577.2,924.4 577,924.4 576.8,924.4 576.6,924.4 576.4,924.4 576.2,924.4 "
      id = "54" />
<path  style="fill:none;stroke:#000000;stroke-width:2;stroke-opacity:1"
       d="M 586.2,924.4 586.4,924.4 586.6,924.4 586.8,924.4 587,924.4 587.2,924.4 587.4,924.4 "
      id = "55" />
<path  style="fill:none;stroke:#000000;stroke-width:2;stroke-opacity:1"
       d="M 586,924.4 585.8,924.4 585.6,924.4 585.4,924.4 585.2,924.4 586,924.4 "
      id = "56" />
<path  style="fill:none;stroke:#000000;stroke-width:2;stroke-opacity:1"
       d="M 615.4,924.4 615.6,924.4 615.8,924.4 616,924.4 616.2,924.4 616.4,924.4 616.6,924.4 616.8,924.4 617,924.4 617.2,924.4 617.4,924.4 "
      id = "57" />
<path  style="fill:none;stroke:#000000;stroke-width:2;stroke-opacity:1"
       d="M 615.2,924.4 615,924.4 614.8,924.4 614.6,924.4 614.4,924.4 614.2,924.4 614,924.4 613.8,924.4 613.6,924.4 "
      id = "58" />
<path  style="fill:none;stroke:#000000;stroke-width:2;stroke-opacity:1"
       d="M 619.2,924.4 619.4,924.4 619.6,924.4 619.8,924.4 620,924.4 619,924.4 618.8,924.4 618.6,924.4 618.4,924.4 619.2,924.4 "
      id = "59" />
<path  style="fill:none;stroke:#000000;stroke-width:2;stroke-opacity:1"
       d="M 646.4,924.4 646.6,924.4 646.8,924.4 647,924.4 647.2,924.4 647.4,924.4 647.6,924.4 647.8,924.4 648,924.4 648.2,924.4 648.4,924.4 648.6,924.4 648.8,924.4 649,924.4 649.2,924.4 649.4,924.4 649.6,924.4 649.8,924.4 650,924.4 650.2,924.4 650.4,924.4 650.6,924.4 650.8,924.4 651,924.4 651.2,924.4 651.4,924.4 651.6,924.4 651.8,924.4 652,924.4 652.2,924.4 652.4,924.4 652.6,924.4 652.8,924.4 653,924.4 653.2,924.4 653.4,924.4 653.6,924.4 653.8,924.4 654,924.4 654.2,924.4 654.4,924.4 654.6,924.4 654.8,924.4 655,924.4 655.2,924.4 655.4,924.4 655.6,924.4 655.8,924.4 656,924.4 656.2,924.4 656.4,924.4 656.6,924.4 656.8,924.4 657,924.4 657.2,924.4 657.4,924.4 657.6,924.4 657.8,924.4 658,924.4 658.2,924.4 658.4,924.4 658.6,924.4 658.8,924.4 659,924.4 659.2,924.4 659.4,924.4 659.6,924.4 659.8,924.4 660,924.4 660.2,924.4 660.4,924.4 660.6,924.4 "
      id = "60" />
<path  style="fill:none;stroke:#000000;stroke-width:2;stroke-opacity:1"
       d="M 646.2,924.4 646,924.4 645.8,924.4 645.6,924.4 645.4,924.4 645.2,924.4 645,924.4 644.8,924.4 644.6,924.4 644.4,924.4 644.2,924.4 644,924.4 643.8,924.4 643.6,924.4 643.4,924.4 643.2,924.4 643,924.4 642.8,924.4 642.6,924.4 642.4,924.4 642.2,924.4 642,924.4 641.8,924.4 641.6,924.4 641.4,924.4 641.2,924.4 641,924.4 640.8,924.4 640.6,924.4 640.4,924.4 640.2,924.4 640,924.4 639.8,924.4 639.6,924.4 639.4,924.4 639.2,924.4 639,924.4 638.8,924.4 638.6,924.4 638.4,924.4 638.2,924.4 638,924.4 637.8,924.4 637.6,924.4 637.4,924.4 637.2,924.4 637,924.4 636.8,924.4 636.6,924.4 636.4,924.4 636.2,924.4 636,924.4 635.8,924.4 635.6,924.4 635.4,924.4 635.2,924.4 635,924.4 634.8,924.4 634.6,924.4 634.4,924.4 634.2,924.4 634,924.4 633.8,924.4 633.6,924.4 633.4,924.4 633.2,924.4 633,924.4 632.8,924.4 632.6,924.4 632.4,924.4 "
      id = "61" />
<path  style="fill:none;stroke:#000000;stroke-width:2;stroke-opacity:1"
       d="M 697.4,924.4 697.6,924.4 697.8,924.4 698,924.4 698.2,924.4 698.4,924.4 698.6,924.4 698.8,924.4 699,924.4 699.2,924.4 699.4,924.4 699.6,924.4 699.8,924.4 700,924.4 700.2,924.4 700.4,924.4 700.6,924.4 700.8,924.4 701,924.4 701.2,924.4 701.4,924.4 701.6,924.4 701.8,924.4 702,924.4 702.2,924.4 702.4,924.4 702.6,924.4 702.8,924.4 703,924.4 703.2,924.4 703.4,924.4 703.6,924.4 703.8,924.4 704,924.4 704.2,924.4 704.4,924.4 704.6,924.4 704.8,924.4 705,924.4 705.2,924.4 705.4,924.4 705.6,924.4 705.8,924.4 706,924.4 706.2,924.4 706.4,924.4 706.6,924.4 706.8,924.4 707,924.4 707.2,924.4 707.4,924.4 707.6,924.4 707.8,924.4 708,924.4 708.2,924.4 708.4,924.4 708.6,924.4 708.8,924.4 709,924.4 709.2,924.4 709.4,924.4 709.6,924.4 709.8,924.4 710,924.4 710.2,924.4 710.4,924.4 710.6,924.4 710.8,924.4 711,924.4 711.2,924.4 711.4,924.4 711.6,924.4 "
      id = "62" />
<path  style="fill:none;stroke:#000000;stroke-width:2;stroke-opacity:1"
       d="M 697.2,924.4 697,924.4 696.8,924.4 696.6,924.4 696.4,924.4 696.2,924.4 696,924.4 695.8,924.4 695.6,924.4 695.4,924.4 695.2,924.4 695,924.4 694.8,924.4 694.6,924.4 694.4,924.4 694.2,924.4 694,924.4 693.8,924.4 693.6,924.4 693.4,924.4 693.2,924.4 693,924.4 692.8,924.4 692.6,924.4 692.4,924.4 692.2,924.4 692,924.4 691.8,924.4 691.6,924.4 691.4,924.4 691.2,924.4 691,924.4 690.8,924.4 690.6,924.4 690.4,924.4 690.2,924.4 690,924.4 689.8,924.4 689.6,924.4 689.4,924.4 689.2,924.4 689,924.4 688.8,924.4 688.6,924.4 688.4,924.4 688.2,924.4 688,924.4 687.8,924.4 687.6,924.4 687.4,924.4 687.2,924.4 687,924.4 686.8,924.4 686.6,924.4 686.4,924.4 686.2,924.4 686,924.4 685.8,924.4 685.6,924.4 685.4,924.4 685.2,924.4 685,924.4 684.8,924.4 684.6,924.4 684.4,924.4 684.2,924.4 684,924.4 683.8,924.4 683.6,924.4 683.4,924.4 "
      id = "63" />
<path  style="fill:none;stroke:#000000;stroke-width:2;stroke-opacity:1"
       d="M 768,924.4 768.2,924.4 768.4,924.4 768.6,924.4 768.8,924.4 769,924.4 769.2,924.4 769.4,924.4 769.6,924.4 769.8,924.4 770,924.4 770.2,924.4 770.4,924.4 770.6,924.4 770.8,924.4 771,924.4 771.2,924.4 771.4,924.4 771.6,924.4 771.8,924.4 772,924.4 772.2,924.4 772.4,924.4 772.6,924.4 772.8,924.4 773,924.4 773.2,924.4 773.4,924.4 773.6,924.4 773.8,924.4 774,924.4 774.2,924.4 774.4,924.4 774.6,924.4 774.8,924.4 775,924.4 775.2,924.4 775.4,924.4 775.6,924.4 775.8,924.4 776,924.4 776.2,924.4 776.4,924.4 776.6,924.4 776.8,924.4 777,924.4 777.2,924.4 777.4,924.4 777.6,924.4 777.8,924.4 778,924.4 778.2,924.4 778.4,924.4 778.6,924.4 778.8,924.4 779,924.4 779.2,924.4 779.4,924.4 779.6,924.4 779.8,924.4 780,924.4 780.2,924.4 780.4,924.4 780.6,924.4 780.8,924.4 781,924.4 781.2,924.4 781.4,924.4 781.6,924.4 781.8,924.4 782,924.4 782.2,924.4 782.4,924.4 782.6,924.4 782.8,924.4 783,924.4 783.2,924.4 783.4,924.4 783.6,924.4 783.8,924.4 784,924.4 784.2,924.4 784.4,924.4 784.6,924.4 784.8,924.4 785,924.4 785.2,924.4 785.4,924.4 785.6,924.4 785.8,924.4 786,924.4 786.2,924.4 786.4,924.4 786.6,924.4 786.8,924.4 787,924.4 787.2,924.4 787.4,924.4 787.6,924.4 787.8,924.4 788,924.4 788.2,924.4 788.4,924.4 788.6,924.4 788.8,924.4 789,924.4 789.2,924.4 789.4,924.4 789.6,924.4 789.8,924.4 790,924.4 790.2,924.4 790.4,924.4 790.6,924.4 790.8,924.4 791,924.4 791.2,924.4 791.4,924.4 791.6,924.4 791.8,924.4 792,924.4 792.2,924.4 792.4,924.4 792.6,924.4 792.8,924.4 793,924.4 793.2,924.4 793.4,924.4 793.6,924.4 793.8,924.4 794,924.4 794.2,924.4 794.4,924.4 794.6,924.4 794.8,924.4 795,924.4 795.2,924.4 795.4,924.4 795.6,924.4 795.8,924.4 796,924.4 796.2,924.4 796.4,924.4 796.6,924.4 796.8,924.4 "
      id = "64" />
<path  style="fill:none;stroke:#000000;stroke-width:2;stroke-opacity:1"
       d="M 767.8,924.4 767.6,924.4 767.4,924.4 767.2,924.4 767,924.4 766.8,924.4 766.6,924.4 766.4,924.4 766.2,924.4 766,924.4 765.8,924.4 765.6,924.4 765.4,924.4 765.2,924.4 765,924.4 764.8,924.4 764.6,924.4 764.4,924.4 764.2,924.4 764,924.4 763.8,924.4 763.6,924.4 763.4,924.4 763.2,924.4 763,924.4 762.8,924.4 762.6,924.4 762.4,924.4 762.2,924.4 762,924.4 761.8,924.4 761.6,924.4 761.4,924.4 761.2,924.4 761,924.4 760.8,924.4 760.6,924.4 760.4,924.4 760.2,924.4 760,924.4 759.8,924.4 759.6,924.4 759.4,924.4 759.2,924.4 759,924.4 758.8,924.4 758.6,924.4 758.4,924.4 758.2,924.4 758,924.4 757.8,924.4 757.6,924.4 757.4,924.4 757.2,924.4 757,924.4 756.8,924.4 756.6,924.4 756.4,924.4 756.2,924.4 756,924.4 755.8,924.4 755.6,924.4 755.4,924.4 755.2,924.4 755,924.4 754.8,924.4 754.6,924.4 754.4,924.4 754.2,924.4 754,924.4 753.8,924.4 753.6,924.4 753.4,924.4 753.2,924.4 753,924.4 752.8,924.4 752.6,924.4 752.4,924.4 752.2,924.4 752,924.4 751.8,924.4 751.6,924.4 751.4,924.4 751.2,924.4 751,924.4 750.8,924.4 750.6,924.4 750.4,924.4 750.2,924.4 750,924.4 749.8,924.4 749.6,924.4 749.4,924.4 749.2,924.4 749,924.4 748.8,924.4 748.6,924.4 748.4,924.4 748.2,924.4 748,924.4 747.8,924.4 747.6,924.4 747.4,924.4 747.2,924.4 747,924.4 746.8,924.4 746.6,924.4 746.4,924.4 746.2,924.4 746,924.4 745.8,924.4 745.6,924.4 745.4,924.4 745.2,924.4 745,924.4 744.8,924.4 744.6,924.4 744.4,924.4 744.2,924.4 744,924.4 743.8,924.4 743.6,924.4 743.4,924.4 743.2,924.4 743,924.4 742.8,924.4 742.6,924.4 742.4,924.4 742.2,924.4 742,924.4 741.8,924.4 741.6,924.4 741.4,924.4 741.2,924.4 741,924.4 740.8,924.4 740.6,924.4 740.4,924.4 740.2,924.4 740,924.4 739.8,924.4 739.6,924.4 739.4,924.4 739.2,924.4 "
      id = "65" />
</svg>
